180497
191143
178169
178167
179498
184865
179495
179493
179492
172859
172857
172858
172854
191159
178159
178156
179488
178157
180475
180479
178192
175918
180473
175915
175912
172886
172881
191128
172882
191125
180485
178188
183510
178186
184848
178183
178181
180481
175909
172878
175902
175904
172873
175901
175900
172870
191134
178132
181783
179462
180455
179461
179460
180456
172826
172829
172822
175099
178125
175098
175094
178122
180463
175097
180465
175096
180468
175090
172815
181790
172817
178116
178117
191115
175089
178113
180431
178155
180430
179484
180432
178150
178151
181767
172849
187076
172847
172840
187070
172842
178147
179476
181775
179472
172839
187080
172831
172832
178139
179469
179467
182276
182275
173319
175976
175975
175977
174647
173311
175973
175970
182286
173306
174638
173309
175964
175967
175966
175962
173301
182257
182252
183583
172007
174666
172009
173338
174662
174663
173332
175993
174664
173334
174661
175991
182262
174659
173329
175987
175986
173325
173327
175983
174652
175982
173321
175985
173323
174654
175980
187927
187922
175938
174600
174601
174603
182247
187933
182240
175925
175924
172895
175921
172896
175922
172890
191199
183545
187902
184873
182211
175957
171599
175959
174624
175955
175950
175952
174620
187916
182229
183552
175946
191174
175948
174612
191170
175940
190617
185264
185268
177636
176308
177637
173276
176301
173277
177632
178964
178961
178962
173271
189639
177629
173269
178958
178956
178954
174596
174597
178952
178953
174595
185249
185248
189606
176328
177658
178989
191921
178988
177657
176326
177655
176320
176322
173296
178981
173293
189616
189617
186592
177647
176313
173287
177646
173288
176315
176314
178970
178971
176310
187889
182195
178929
178927
178928
174567
178926
173237
174569
178924
173232
175895
173234
174566
174560
175890
173231
186563
173229
178914
174557
178912
173227
175886
174554
174555
174551
182179
185205
186536
173260
177618
177619
177616
177617
178943
178944
173255
173256
177610
178942
177611
173257
178940
174582
173252
186549
186547
177609
178938
174578
177604
182190
178935
177601
177602
174575
173244
174576
178930
177600
174571
176395
180413
176391
176390
180414
179417
179416
180419
179413
176386
176385
175054
175056
176381
176383
180423
176380
181757
181758
175049
179403
176374
176376
175084
175086
179440
175080
181722
181721
175081
187026
189689
172805
172807
188360
188362
172802
189693
179439
178107
179437
181727
179436
178104
175079
178101
178102
179431
180400
181733
180404
175071
175070
189695
188371
179429
188370
179428
180406
176397
179423
176399
179421
177682
181702
187005
189663
187003
188340
176349
175018
175015
176348
181705
175010
176344
181709
175012
181711
181713
181712
188348
187017
189674
189676
175008
175007
3565635
175006
178997
181719
176331
181718
190661
178992
177661
177662
176373
189647
246008
189640
189642
185291
175036
177698
175038
177697
177695
176361
259335
185299
3565610
177687
176359
176358
175022
177685
175021
175024
183403
184733
178054
178050
259389
172746
172741
172743
172744
191026
178047
179375
178042
178043
179373
183417
184746
172737
172733
179368
179367
178078
181686
178074
180357
184715
181688
178072
180359
172768
172769
172766
172760
178067
179397
178064
181698
178065
178060
178061
181690
172755
172751
178057
179389
179388
180331
181662
178012
179340
181664
181666
181669
181661
172703
172704
179339
178006
179338
178007
178005
180343
180342
179331
181679
179329
179326
179324
178033
181640
179364
180311
179361
180313
179360
181644
172728
172724
172726
180317
178028
178029
179358
178026
178024
179356
179353
178020
179352
180324
180326
172716
172718
172712
179346
179345
178014
179344
175858
175851
174520
175853
175852
187855
174518
175849
174512
175844
175843
174515
175840
187826
182136
182139
187825
173218
173214
175877
178903
178904
178901
175879
174547
175878
173217
174548
175872
174540
175870
187835
183473
182143
174535
173204
175868
191093
173205
175867
174530
175861
174531
175864
175860
187804
178098
178090
175819
175815
175817
175813
172783
172784
182124
187817
178087
178084
178082
178083
187814
178081
187810
183453
175804
172779
172775
175802
172777
175801
172770
172771
172773
178079
180398
180397
183426
180393
184751
175837
174506
175836
175832
174504
175831
182104
183434
175827
172799
175823
172794
175820
186478
185146
178846
178844
178845
174487
177511
173158
173151
178840
178841
173153
174484
190509
185156
178837
173149
177505
174475
173144
177503
178831
174477
173147
174478
173141
174473
178870
185121
185123
176206
176208
173177
178867
177533
176205
176204
177531
178863
173174
176200
173171
185138
191813
178857
177527
177524
173167
173168
173162
174493
178852
173165
178850
185103
182077
175778
175774
178801
174443
175776
175770
175772
185118
187779
186442
3565590
173104
173105
174436
174438
173100
174431
175765
175764
174430
182058
187747
182055
178829
173137
173138
173139
174464
175796
175795
173134
178820
178821
174467
175792
175790
187751
175789
3565577
175788
174458
178814
174453
175785
178812
173124
173125
174456
175781
174451
175783
173120
173121
176272
181621
181620
181624
189590
181626
176268
190576
176266
176260
177591
176263
181631
180300
180302
259434
188265
182968
176254
190586
179321
176295
189563
176286
176289
179312
179310
176282
181610
176284
182945
176281
181613
176280
188246
190560
188252
182949
176279
181618
179305
179304
179302
176278
178892
176229
176228
185193
182915
177557
176227
178887
176226
176221
176220
177552
173191
173192
173193
188227
188228
191876
177545
176210
178873
178871
176211
182929
173187
177583
176252
177580
191847
189522
177577
176248
177573
177572
176239
259448
176236
182905
177566
178897
178898
178895
176231
178893
177562
181102
174802
171776
191385
190054
171774
174800
174801
171770
177079
183777
186800
183775
177073
181111
171762
171768
171766
178398
183747
183748
189049
190032
174825
174826
191360
174822
174823
171794
171793
171792
183755
177096
171787
171786
174815
171788
189062
171783
178373
171739
180692
189033
171736
177038
191347
179699
178365
179695
182401
178363
179693
178361
178362
179691
190028
190025
178357
178354
183700
180674
178392
191329
189006
177057
178386
180686
178381
189017
260026
180680
180681
171745
177048
177045
177046
178377
260097
184218
181182
186873
185541
186872
172225
177914
181191
173558
181190
173552
174881
189914
186882
181195
186886
184221
177908
172216
177906
172215
172214
177904
172213
172219
172218
174878
174873
174874
172210
181167
181166
182494
185520
172249
176606
172247
177937
176608
176605
173574
181179
186869
184201
181177
3565011
172238
177929
172236
177926
177923
177921
174894
174896
172234
172233
173561
181148
182474
181141
174847
174848
173518
173512
174840
174841
181158
182480
181153
173509
181154
174836
173505
174838
173502
174833
174834
173503
181124
181123
182458
181121
172204
173539
174864
174866
174861
174863
172201
181131
183792
3565059
173521
177880
172192
172191
184174
176548
175217
176544
176546
177873
187217
188549
189877
175209
175205
176536
175207
190865
175202
177865
172174
175204
176534
175203
181917
190860
177860
189846
189849
189840
175238
176566
176565
177896
176561
177895
175230
177890
188522
184162
175227
172196
172195
177886
177882
184134
176507
177839
176504
177836
176503
177837
176506
172141
172145
185479
188506
172139
172138
177826
177821
174797
177820
174790
172134
181082
176526
176525
177856
173496
172164
177855
176523
185451
185456
176519
177848
176517
176516
259963
176511
177843
176510
176512
173482
172155
179662
180653
180652
181988
180657
180659
178325
179656
175297
178324
179654
175299
178320
180663
181994
191318
181999
181990
179649
178316
179645
178311
179641
179684
177021
178353
179683
180631
181961
180630
180634
171715
259996
179679
179678
179677
178345
179676
179673
178341
179672
178342
179671
179670
180645
177007
178336
176591
180611
181944
180612
188577
188582
179616
3565888
176588
179612
180616
190894
175253
175252
179610
175255
175254
180622
181955
187256
187262
179608
175249
179607
176576
175245
179601
176574
175284
188557
184199
3565860
179639
179637
178305
178306
178303
179631
175277
178300
175270
175273
180601
179629
179627
179624
180606
176595
180608
179620
178298
178295
178293
178294
172989
172981
178289
182325
183656
184984
178280
184988
184980
172977
172978
171647
171646
172970
178279
180596
180598
180597
174706
171679
171678
174702
183628
171671
183635
172992
172993
179585
179583
180576
180575
178250
180577
183602
171619
172948
172949
172943
191220
172944
171610
172946
172941
172942
171607
180581
172938
172939
180582
172933
191230
171604
171602
171601
179569
183618
178235
180552
184910
180555
184911
171635
184917
184916
179598
179597
179596
178260
179592
180568
184922
181899
171627
172958
172959
187199
181892
181891
172954
171621
172957
178259
178257
179587
182393
181060
181062
172103
173434
174766
173435
173436
174768
173431
174763
172100
181079
173428
174751
173421
173422
185405
185409
185408
185407
181043
172127
177815
174789
173458
172129
174785
173454
174786
172123
181058
181057
181059
181050
185412
181053
185410
181055
173449
177808
174778
172118
174779
174772
177800
173444
174770
173440
174771
181029
186716
181020
181022
174725
174727
171692
186725
182360
181034
174715
174712
171689
181004
181007
174747
173416
191283
174743
174744
174745
174746
181018
181019
181010
173407
173408
173401
173404
174731
172072
177758
176422
173398
177753
173399
172062
176424
176421
173396
173391
173392
172061
172060
188423
172059
177748
177749
172054
172053
173389
190741
173382
173383
173384
176410
172090
190715
172093
172092
172091
189722
175118
175117
177779
176445
175113
177778
175112
176442
172082
189736
188408
189733
184043
185374
184042
189730
175107
176438
3565776
175109
176439
176434
172076
176433
172074
177764
176435
176430
172078
177761
189707
174690
189703
177719
172029
177715
174689
172021
173353
174685
174686
173355
174687
177710
174680
172025
174681
172024
172023
190707
190704
185357
172016
177706
174677
177704
173347
177703
174673
177701
173340
174672
185326
177736
176401
177734
177732
176402
173372
173373
173374
172037
174699
173369
173364
173365
174697
177720
174698
173360
172036
172033
179541
178210
180534
180535
172907
172901
178208
179537
179535
180539
179534
179533
178201
175172
187178
187184
187182
180549
179526
175168
176499
184904
176495
179522
175167
179520
178232
178230
180514
172929
187148
188474
172926
172928
172921
187152
172924
172920
180515
178229
181848
180519
179555
178221
180521
175196
175195
180520
172915
172910
179549
178211
176471
260216
188455
189785
189791
3565765
3565767
190777
176466
190775
175138
177797
177798
176468
176463
175133
176464
189799
190780
177788
177789
172097
176458
175126
175121
176451
176453
172099
176491
175162
181801
176490
181800
188432
184079
179516
181807
176481
175150
176483
184085
189773
188443
175142
181344
179024
180013
181343
179022
181348
179020
182678
181340
182672
180010
173713
190293
185709
179017
190298
179013
181354
181356
179010
180027
181351
173707
182681
192006
185718
181321
179045
181324
182658
179041
179040
181328
172408
182650
189289
189295
172405
172400
172401
172402
181329
179034
179033
179032
173728
183990
181331
173724
179027
177286
266830
182635
177280
171973
171978
171977
181307
181309
171970
266820
182643
183975
181312
181316
171968
189281
189280
171965
171964
181319
177267
190265
182611
183942
183940
183946
266819
171995
171998
182619
171990
177295
182626
183957
182623
171985
171988
171987
182629
171981
171980
190243
188816
185789
183129
192081
266874
184451
183123
176829
172467
172468
173793
172462
173794
172465
173790
172461
192091
185795
184463
176816
176815
176817
176814
172458
176813
173783
172452
266853
266854
184438
180073
180072
176848
175519
172488
172489
192056
266842
266844
188802
180084
185773
184441
176834
175503
175502
3565259
175505
175504
176830
172474
175501
176832
172476
192063
172471
180059
184419
179063
179062
180050
180053
184411
185741
180052
185740
172426
173758
172422
172423
173754
172424
173750
179059
185757
181398
179055
180069
179053
184429
179051
172419
180065
173747
173748
173744
173740
179049
181365
181368
185721
179087
185726
179084
181360
181362
176808
176806
173777
173773
185729
181378
180049
179073
184406
266885
179071
179070
180040
181372
181374
173768
172433
172434
172435
172431
179069
187449
180810
186111
187441
188774
3565201
188781
179817
174129
176786
175455
174124
175457
176782
175451
180819
174121
176783
180818
183097
183098
188783
187460
179808
179807
175448
174118
175449
179803
175444
175443
175445
175440
180827
175442
176773
174111
175441
188757
245998
178507
178502
175473
175472
174144
186108
174140
187434
179829
179826
179824
175466
180801
179823
176796
179822
176798
175467
174137
175462
174130
176793
175464
176795
172390
188731
183040
176749
175416
176742
175413
176743
172382
176740
188742
184389
175407
176734
3565237
184390
176736
172374
172375
176733
172376
172370
172371
172372
172373
185682
185681
183022
174105
176766
176765
176760
176762
175430
188728
185693
188722
184366
176756
175428
176758
175422
172397
175421
176755
172399
175423
172394
176750
172395
180895
180897
180896
171938
171936
186197
171935
171939
189231
171934
177239
177236
190213
177235
183930
179891
183935
182601
191559
171927
189234
177229
190226
178556
177223
174197
179884
180873
178592
191528
191526
171959
171958
189203
171952
171950
171954
191525
180878
177254
178583
177253
178581
177250
180885
191538
183911
186189
171949
171947
189214
180880
186190
259768
171944
177249
183917
183914
177243
177244
191509
191508
174173
180852
186156
187486
175499
179854
191500
179853
179851
174165
179850
174161
180864
191516
180865
179849
178516
175487
174159
179842
175484
174152
179841
174153
174154
179881
179880
171914
187465
171917
171912
178547
179878
177217
179876
179874
178542
174182
180844
186143
186142
186148
171907
178536
180845
177203
178534
178535
174174
178532
178533
177202
179862
174176
181227
174927
174924
171896
174926
171891
171890
181234
177195
266900
181230
183891
181231
174915
171884
171888
174911
171880
190187
183865
189167
189175
173615
174942
173611
190159
182543
183874
174935
173601
174933
190168
177162
178494
183841
177160
177161
183844
171858
171853
171857
171856
190137
191467
178489
191464
178487
177153
183851
178482
171849
189157
171842
191472
171840
183859
178479
190148
177146
177185
180795
177180
180790
174907
174901
189133
171872
174900
191448
190110
183836
177170
171867
171866
191456
171860
183007
176709
183000
176707
176702
172346
173678
176703
172342
185679
188703
185670
185673
172335
174999
173668
172330
174993
172333
174994
181289
186971
181280
181284
176729
176724
172363
173695
176721
185650
181291
186980
176716
176719
176718
173688
176715
172358
172353
172355
172350
173681
181267
185623
181268
186954
181261
181260
172309
182593
181265
173637
172308
174964
172301
173632
172302
172303
174966
174960
174962
181278
185635
185634
181279
186960
181271
185632
174957
174956
174959
174958
174953
174955
173624
174951
181244
182578
185600
181248
172327
172329
190193
174988
172326
173652
174980
181255
181251
181253
174979
172312
174974
174976
172311
190979
190976
184295
175338
174006
176668
175339
176667
176661
176660
177994
174000
187337
186005
189995
189994
188671
176657
177989
176659
172297
177987
172298
177984
176656
177983
175361
190954
184273
184272
189961
179718
174029
175355
174026
184284
188640
179709
259801
179705
179704
179703
179701
190961
176674
175342
184258
184253
184257
176628
176625
172268
173599
176626
173595
172264
177953
190930
176623
172267
173591
172263
189959
184261
189950
176617
177948
176614
176613
172258
173589
172259
177942
172253
177940
173587
173580
172250
172251
173582
172291
190914
175315
176649
177978
172287
177972
172283
176641
176640
259839
188608
172281
185571
176639
175308
176637
177965
172276
172277
177962
172278
172274
178452
180771
179782
174095
178450
174090
171818
186085
191426
179779
183807
178447
177114
179775
177111
174089
180783
180789
174081
189117
171804
180781
171802
177108
171800
178439
183817
179769
177107
190103
177102
174076
180750
177141
191409
180756
171838
171835
171834
187390
180757
177138
179799
179796
178465
179795
180760
179791
180765
191419
180767
171829
178459
180768
179789
178458
178455
179787
174050
180730
174052
188694
186039
178408
178409
179739
179738
179737
178407
179736
175378
178404
180735
179734
178402
180738
178401
175373
180741
180740
186045
4363023
186044
179726
175367
180748
174038
176694
174032
174034
174074
190999
187345
178426
179756
178425
180718
178423
174066
179751
174067
175391
188683
179749
179748
178418
180725
179747
178416
180724
174058
174059
180727
178411
179743
174053
175384
179742
184613
184611
180257
181589
180251
173955
173956
172625
173958
173952
173953
173954
173950
179256
179254
180265
181591
172617
180264
180263
181594
173944
173945
172616
172610
172611
172612
173943
179245
181566
180235
185926
181567
182892
181562
172647
172648
173979
173973
173976
185933
181574
181577
179275
180245
179274
179273
181578
179272
259498
172636
173968
173969
173962
176195
180213
176196
180217
173915
188178
173917
173914
188180
179217
190499
176187
176189
179211
180221
180224
176185
176180
181556
180228
182888
188189
173907
179209
179202
176179
181520
182850
181524
179240
172609
172604
173930
188160
173932
181528
179236
182864
179230
173926
173925
173920
188172
190486
176198
179225
187728
183365
175738
174409
175734
174401
175731
186404
182047
175726
172698
175722
172699
172693
172694
172695
175721
175720
172691
172692
182018
183343
182010
175757
174421
174422
175753
175750
183356
182029
184681
183355
183352
182022
175749
174416
180299
180291
180297
185981
172667
173998
173991
179298
179297
179296
185991
182001
172657
173989
172653
173985
172655
173986
173981
180278
175716
175717
175712
172687
175714
172689
172682
175710
172684
172685
266646
184647
180285
172679
175705
172675
175701
172676
175703
172674
172670
174371
3565440
187692
173038
175697
191701
175696
178724
175695
173033
174364
175691
191716
191713
185036
174358
173028
173023
175686
175685
178711
174350
175682
174351
175684
175683
174353
174392
174393
185003
177419
178745
177415
177413
173053
173054
187679
186343
187677
185013
178738
177406
178734
178732
187645
188971
176987
183292
174326
175659
174328
176989
175658
174321
175653
174322
174323
176981
187657
174318
175649
174314
174317
174311
174312
174313
188957
183261
178709
173016
174347
178703
173019
175677
173015
174342
187639
187635
188967
186300
174336
183280
175667
174337
174339
175660
174330
177481
176153
177482
176152
181502
177480
181501
181503
188133
189467
189470
176148
190457
176147
176149
190455
176144
177476
176143
176146
176145
176140
177473
176141
181510
181513
181515
188148
259546
176137
176136
177467
176139
191797
176138
181518
176134
179200
176172
176170
189448
185096
182816
182817
176168
191761
177497
176161
176164
177493
189457
185099
189459
176159
177489
3564968
177485
177440
178771
176109
177436
176103
191743
176105
173074
176100
191741
178764
177431
173070
173073
189435
177429
177427
174398
173067
178756
177425
174399
173069
190421
177422
174395
173064
173065
177420
177461
177462
176131
177460
185047
185050
177458
191722
176128
178788
177454
177455
178783
173099
176120
191735
259571
186392
176115
177447
178778
178779
176117
176116
178777
173086
177442
179145
180133
185827
185826
181462
182792
172505
173837
172501
172502
179138
181478
180149
173826
173822
179127
176099
179124
185800
180111
179165
179162
179160
173858
188083
185807
190399
185810
179154
180127
179151
172518
181450
182781
172515
173846
173847
173842
188090
173840
176074
181424
176072
176071
181426
182756
190370
182759
3564957
176067
176068
177398
181432
180102
176061
176060
188067
190381
3564942
176059
176095
181400
179120
176097
176091
181405
176094
176093
188034
173818
173810
188040
182739
179119
191687
179117
181408
176089
179111
176084
176087
181414
176083
181416
173808
189381
191697
183245
183243
175612
176946
172589
175611
176941
172581
188946
188941
183250
176932
175601
175604
183226
183220
175638
174309
176966
175634
175637
176968
175636
175630
184560
175628
176959
175629
176955
176954
176957
176951
172594
172597
176952
172591
172592
179183
185868
185862
173879
172549
176900
172545
176902
173870
173872
173873
172542
188904
179177
183216
185875
179171
183218
180181
185870
180183
185873
172536
173869
172539
172532
173863
173866
181486
181481
181480
181484
176925
176927
176923
172561
172562
173894
173891
180167
181498
179198
180168
179192
181491
181494
172558
176914
172554
180932
180931
179938
179935
178603
175578
174247
175572
180938
174240
175571
174243
174238
174239
174233
174234
180947
176897
174236
180949
176891
174232
187543
186214
186213
188872
183192
179959
183193
178624
175598
179956
174267
175597
180914
174269
178620
180918
186227
174261
186226
186223
183199
178619
179949
174259
179948
178615
178616
179945
175586
174256
178614
179944
179943
179942
178612
175588
179941
175583
178610
180929
174254
175584
187528
184495
188854
183165
176866
175538
174207
174203
187537
188869
187532
188864
183176
180909
172499
175525
176855
176858
175526
175521
180901
172496
176854
180902
172491
180904
180907
180906
188838
187504
184472
187502
174226
175556
174225
175550
176883
175551
187515
187516
184487
183155
175547
175546
179902
174218
175548
176874
175542
175545
175541
176872
174210
178692
176031
189346
190336
176023
177356
176022
176024
191661
177351
177352
177350
182722
259671
176016
176015
176018
176011
177345
177342
176013
177343
176052
176051
176054
177381
186299
190314
176048
176045
176047
176041
177373
177374
176040
177372
259649
259646
177366
178698
178695
178696
179981
174292
174293
189307
189304
186278
177317
177318
191624
174288
178647
191623
174289
191622
174284
179974
174285
179971
179970
180980
180982
174283
180985
180987
180986
178638
179968
179967
174279
190302
174275
191608
180952
187585
180955
178669
179999
176004
179998
177335
176007
180957
179997
176006
177336
176000
176002
180961
180969
174295
177321
