43575
43576
43577
42246
43578
43571
42240
43572
43573
31597
31598
31593
31595
31594
43570
43565
43566
42235
43567
43560
43562
42237
43569
42239
31586
31585
31588
31582
31581
31589
44885
43554
43555
43556
43550
42221
42226
43557
44889
43559
42228
31574
31577
31576
31571
31572
31579
42211
43542
43543
44873
43544
42213
44870
43541
42215
43546
42216
43547
43548
44879
43549
42218
32896
32897
32894
31565
32892
31560
32893
31562
31567
32898
43531
43532
42202
44861
43530
43539
42208
42209
2769004
2769001
43535
42204
42206
43538
42207
32886
31555
31554
32881
32882
2769008
31551
31550
31557
31556
32887
31558
44851
43521
43529
44855
44858
32874
32875
31541
32872
32871
31540
32876
32877
31547
43511
44843
43517
44848
43518
43514
43515
43516
31533
32861
31532
32862
31539
31538
31535
32865
32866
31536
44830
43500
44831
43507
44839
43502
32852
31520
32853
32850
31522
31521
31524
32857
32854
31526
32855
31525
49713
36409
37730
37731
36400
37732
37733
37734
36405
36406
49701
37729
37721
37723
37716
37719
37711
37712
37713
42299
42296
42297
42298
37705
37706
37707
37709
42291
42292
42293
42294
37702
37703
37704
42289
42284
42285
42286
42279
42273
42274
42272
42267
42268
42269
43594
43595
42265
43590
43591
42260
43592
42261
43587
43588
43589
43582
42251
42252
43584
42253
43585
43580
42250
37690
36360
36361
36362
36363
36364
36365
37696
35034
35033
35032
37698
37699
48340
48339
37681
48338
36350
36351
48337
37683
48335
37684
36354
37685
35021
35029
35026
36355
37687
36356
37688
36358
37689
36340
37671
37673
37674
35016
35015
35013
36344
37675
36346
36348
48317
38990
48316
37661
36330
37662
38994
38993
37663
48312
36332
35001
35000
35009
35008
35007
35005
35004
35003
36333
48311
37664
38995
38998
36336
38997
36337
37668
38999
36338
36339
49638
49636
38981
38983
36321
38982
48309
38985
38984
36324
37655
38986
38989
37657
38988
36327
37659
36328
36329
38970
38972
36310
36319
38974
36311
37643
38973
38976
36314
38975
37646
38978
37648
36317
36318
38961
36308
37639
36309
37631
38963
36301
36303
36304
37635
38967
37636
38966
36306
38969
37637
36307
318193
37628
38959
37629
37621
38953
37624
38956
38955
37626
38958
38957
37627
318161
318160
318164
32841
31511
261629
47091
32840
44819
32849
31517
31516
31519
31518
32845
32846
31515
32844
44817
261611
44811
47082
31500
261618
47080
32838
31506
32839
32836
32837
31507
32835
31503
35091
35090
32818
32819
35099
35098
35097
44801
35096
261603
32820
32827
32824
32821
32822
35080
35089
35088
35085
35084
35082
32817
47065
35070
261663
35078
35077
35076
35074
35072
32806
48387
32800
36392
36395
318133
36398
35067
35066
35065
35062
35060
36390
36399
48373
36380
36381
36382
36383
36384
36386
36387
35056
35055
35054
35053
35052
35051
35050
35058
35057
36371
36372
36373
36374
36376
35044
35043
35042
35041
35040
35048
35047
35046
36377
36379
43696
42366
43697
41032
42367
41031
43698
43699
41030
43692
41037
41036
43693
42362
41035
42363
43694
41034
42364
41038
42369
318207
318206
43691
42354
41022
41021
41020
42356
42357
43681
318210
41026
42350
42351
43682
41025
42352
43683
41023
42353
41029
41028
41027
42358
43689
42343
43670
41014
42340
43672
42341
41013
42342
43673
31696
31695
31698
31697
31691
41000
42333
43665
41002
41001
43662
42339
31684
31680
31683
31682
43652
42322
43654
43655
42324
43650
43651
42320
43656
43657
42327
43658
43659
42328
31671
31679
42310
43642
42313
43644
42314
43645
42316
44978
43648
31663
32996
31662
31665
32993
32994
31664
32991
32992
31661
32990
31660
31667
31666
31669
43630
42301
43633
42302
42307
43639
42309
42303
43635
44965
42305
43637
31651
32982
32983
32981
31659
32989
31658
31657
32987
43620
43621
43622
43628
31641
32973
32974
32971
32972
32970
31648
32979
32977
32975
31647
32976
31646
37850
37859
36528
36529
37851
36520
37852
36521
36523
37854
36524
37855
37856
37857
36527
49821
37849
36518
37840
37841
37842
36511
36513
36514
37846
41097
49816
37837
36506
36507
37839
36508
36509
41091
41090
37830
37832
36501
41095
41094
37834
36504
37836
49804
49803
41087
41086
41085
41089
49809
49808
49806
49805
41080
37820
37822
41084
37823
41082
37824
37825
41079
41078
37815
37817
37818
37810
41073
37811
41072
41071
37814
41066
42399
3355094
42394
3355096
42396
41068
41067
42397
37804
37805
37806
42391
42393
41062
37801
37803
41055
42387
41054
42389
41052
3355084
41059
41058
42385
41057
41056
42386
42380
3355089
42382
41044
41042
3355072
42379
41041
41047
41046
42375
41045
3355078
3355079
42370
42371
41040
36481
36482
36484
36486
35155
35154
35153
35152
35151
35150
3772547
35158
36487
36471
36472
36473
35142
35140
35149
59137
35147
35146
47121
36479
48450
49780
37790
37791
48448
36460
37792
36461
3355040
37793
3355041
36462
48445
36463
37795
35132
59145
35130
59141
35139
35138
35134
37798
48441
36468
48440
36469
37780
37781
37782
37783
37784
35122
35121
59157
3772539
59150
35129
35128
35127
59159
35126
35125
36454
37785
37787
37788
36459
37770
36440
48422
35111
35110
59167
3772505
59164
59163
35119
35114
35113
35112
37774
48421
36444
37776
36447
37778
36448
59171
37760
36430
37761
37762
35100
59177
59176
59178
59173
59172
35107
35106
35103
35102
35101
37763
36432
36433
3355013
36434
37767
3355016
36437
37769
36439
37751
36420
36429
36423
37754
36424
37755
37756
36425
36426
36427
3355006
37759
36428
37749
36418
36419
36410
37741
36411
37742
37743
37744
37745
36414
37746
37748
43611
43616
43617
43618
43612
32962
31630
31632
43609
31638
31637
32969
31639
32966
32967
32964
32965
44933
43603
43604
32951
32950
31620
31626
31629
32958
31628
32955
31622
32953
31625
32954
318260
44920
31609
31608
44921
32940
32941
32948
31615
32946
31617
32947
31611
32942
32943
31613
44915
44910
44913
32930
31605
32937
32938
31604
47186
32935
31607
32936
31606
31601
31600
32934
31603
31602
32932
35190
32919
32917
32918
35199
35198
318246
35197
35196
35195
44900
35194
35192
32926
32924
47173
32922
32921
35180
3772597
32908
32906
35188
35185
35184
35183
35189
32916
32910
35176
35174
35173
318228
35172
318227
35170
318226
35179
32905
32902
48481
36491
36492
3772576
36495
318231
36496
36497
35166
35163
35162
35161
35160
35169
35167
36498
36499
47141
41154
41153
41152
41151
41158
41157
42484
41156
41155
41159
42481
41150
41143
42477
41140
42478
41147
41145
41144
41149
42470
42464
43795
41132
42465
43796
42466
42467
43798
42460
41136
43791
41135
43793
41134
338395
42463
43794
41133
41139
41138
41137
42468
43799
42453
41121
43785
41120
43786
43787
42456
43780
41125
42450
41124
42451
43783
41122
41126
43788
42457
43789
42443
42444
43775
42445
41114
43770
41113
43771
42440
41112
43772
41118
41117
43777
42446
42447
42449
31795
31793
31792
31799
31798
42431
43762
42433
43764
43765
42434
41103
41102
41100
42439
41107
41105
41104
43766
42435
43767
43768
41109
42437
43769
41108
42438
31786
31780
31782
31788
31787
31789
43751
42421
42423
43750
42428
42424
43755
43756
43757
42426
31773
31772
31775
31776
31779
31778
43741
42410
42412
43749
42413
42414
43745
42415
43747
31762
31761
31764
31763
31760
31766
31765
49953
49952
37970
37971
35316
35315
35314
35312
35311
35310
36641
37972
36642
37973
36643
36645
37977
35319
37978
37979
36648
36638
35306
35305
36639
35303
37961
37962
36632
37964
37966
35309
35308
37967
36637
36628
37959
36629
37950
36620
36623
37954
36625
37956
37957
36626
37947
36617
37948
36619
37942
36612
37944
36613
37945
36614
37946
36615
41197
41195
41199
37936
36606
37937
37930
37931
37932
41194
41193
36602
37933
41192
36603
37934
36604
37935
41185
37926
37927
37929
37922
41182
41181
37924
41180
41176
41174
41173
41179
41177
37914
37916
37918
37919
37911
37912
41165
42497
41164
42498
42499
41162
42493
41168
42494
42495
41167
41166
42496
37905
42490
42492
41161
41160
37901
37902
35271
35270
59240
35279
59246
35277
48583
48582
48581
47251
36590
47249
3355171
36592
36594
36595
3355175
35265
35264
35262
35261
35260
35268
35267
35266
36597
36598
48572
48571
36580
36583
36584
3355163
35254
35253
35252
59261
35258
35257
35256
49895
36586
36587
49893
49892
36589
36571
35241
35248
35246
35245
36575
36576
48552
36578
47220
3355158
47218
47219
37890
36560
36561
3355140
37893
36562
37894
36563
35232
35231
35230
35239
35237
35235
35234
36564
3355143
3355144
36565
37896
3355145
36569
47208
48535
37881
36550
36551
37882
3355130
3355131
35220
35229
35228
35223
35222
3355132
48531
37884
36554
3355133
36555
3355134
37887
36556
3355136
37888
3355138
3355139
36540
37871
37872
36541
35218
35216
35215
35213
35212
36542
37873
37874
36544
3355123
36545
3355124
36546
3355126
36547
3355127
36548
37879
35219
36549
49847
37860
36530
37861
35207
36539
35206
35205
35203
35200
36531
3355111
36532
37864
3355114
37866
36536
37867
3355116
36538
43730
42400
3772265
43737
43739
42409
43734
43736
31751
3355109
31759
3355102
43720
43721
43726
43727
43728
43723
43724
43725
31740
31742
31741
31748
31747
31743
31746
31745
250735
3772247
43710
31729
43715
43717
43718
43713
43709
31737
31736
31738
31732
31735
43700
43703
31726
31728
31727
31722
31721
31707
31715
31717
31713
31712
59216
59215
31703
31706
31700
47283
31702
31701
35298
35297
35296
35293
35292
35291
59227
35299
47272
35287
35284
35282
35281
35280
59239
35289
35288
41275
41274
41273
41279
41270
42596
41263
41262
42599
41261
41268
42593
41266
42594
42595
41265
42590
42591
42585
41253
42586
42587
41250
42588
42581
41256
41254
41259
42574
41242
42576
42571
41244
42572
42573
41247
42579
41231
41230
43895
42561
43892
41232
42562
41239
42567
42553
42554
41222
42550
42551
41227
41226
41229
43872
42541
43873
42543
42544
43875
41212
42540
41210
42549
41217
41215
41214
41219
42547
41218
31896
31897
43862
42531
43864
41202
41200
41205
41203
41209
43867
41207
31881
31880
31887
36760
35430
35438
34107
34106
34102
36762
36763
36766
34109
36769
36750
47408
35427
35426
35425
35424
35422
35421
35420
36753
36754
36748
35414
35411
35410
36740
36741
36743
35418
36746
36747
35417
35404
35402
35400
36730
36731
36733
35408
35407
36736
36726
36727
36728
36720
36722
36723
36724
36725
36717
36718
36713
41296
41295
41294
41298
36705
36706
41291
41284
41283
41289
41288
41282
41281
35397
34065
35396
35395
34064
35393
34061
34060
35390
34069
34068
35399
34067
35398
46040
46038
46035
35386
34055
34054
35385
35384
34052
35382
35381
35380
34058
34057
35387
34056
46027
34044
35375
34042
35372
35370
35379
35378
34045
35376
46020
46017
36692
36694
36695
35364
34032
35362
34030
34039
35369
34035
36696
36697
36698
36699
46008
46006
36680
36681
49997
36683
35353
34022
34021
35351
34029
35359
34024
35355
34023
36685
36686
36687
49992
36688
36689
140439
318093
36670
36671
318098
36673
35342
35341
35340
34019
34017
35348
35347
34016
34015
34014
34013
35343
34012
36674
36675
36676
36678
36679
37990
318066
36661
36662
34000
35331
35330
35339
35337
34005
35336
35335
34003
35333
34002
36663
37994
36664
37995
37996
36665
37997
37998
37999
36668
34009
48632
37981
36650
37982
36651
35325
35323
35321
36652
36653
37985
36654
37986
36655
37987
36656
37988
37989
36658
35329
42520
43852
42521
42522
42527
42529
42524
42525
43856
42526
31872
31874
31873
3772382
31879
31877
43841
42510
43842
3772396
42516
42517
42512
43844
42514
42509
31869
31864
31866
43830
42500
43831
43836
42505
43838
42507
43839
42508
42501
43832
42502
43833
42504
31851
43829
31858
31853
31856
31855
318030
43820
318034
31839
3772376
43827
43828
318035
43823
46091
31841
31840
43819
31846
31849
31848
31843
31842
31844
31829
43814
43816
43811
43812
46080
43808
43809
31838
31837
46085
31834
34091
34090
31818
31817
318016
43803
34099
43804
34098
318014
34097
34096
34095
34094
43800
34093
34092
46078
31826
46074
31822
34080
46068
31809
47399
46069
31808
34087
34086
3772329
34089
46066
31813
31816
47396
31815
31810
31811
46058
34077
34075
34070
34079
31802
31805
31804
31801
39076
39075
40064
41395
39078
41394
39077
40062
40069
39079
41399
41398
41397
39071
39074
36803
36804
326192
36808
36809
326195
326198
326197
41392
40060
41391
41390
36802
40054
39065
40052
41383
39067
40051
40056
41387
40055
40059
39063
39062
326187
326186
326189
326188
41381
40043
41374
39053
40042
41373
41372
39056
40040
39055
40047
41377
40046
39057
41376
40045
40049
41379
40048
39052
39051
326170
326172
326171
326173
41370
42695
39043
41363
40032
40031
42696
41361
42697
40030
41360
39044
41367
40036
41366
40035
41365
39049
42693
42694
39048
41364
40033
40037
39041
39040
326164
326166
42690
39032
42684
41351
39031
40020
39034
41350
42687
39033
39036
42680
39035
39038
42682
41354
39037
42683
40029
41359
41357
42689
326150
326153
39039
326156
326158
326157
41341
41340
39020
39023
42676
40014
41345
41344
40013
41343
40012
42671
39027
39026
42672
40011
41349
41348
40017
41347
40016
40015
42678
326141
326140
39028
326142
326144
326146
326148
39010
42662
326128
42663
39012
42665
39014
40003
39013
40002
43990
43991
40001
40000
42661
40005
43997
42668
40009
43999
42669
41339
40008
326132
39017
326131
39019
326133
326135
326138
42651
326118
42653
43984
39001
39003
39002
39005
41321
39004
42650
43981
42659
41324
42656
42657
42658
39007
39008
326122
326124
326109
326108
36880
36881
36882
34220
35550
35559
34227
34226
34225
35555
35554
35552
36883
36886
36889
326116
34229
326115
3885637
36871
35540
35547
35546
34215
35543
34212
35541
36874
36876
36878
34219
35549
48844
36860
35537
34206
35536
34205
34204
34203
35533
36862
36863
36865
35539
34208
248194
36868
35526
36858
36859
35525
35524
35523
35522
36850
36851
36853
36854
36855
35528
36857
35527
36848
35514
35513
35512
36843
36844
36845
36846
40097
40096
40095
35504
35503
36838
35501
35500
40090
36830
36831
35509
36832
40094
35507
40092
40087
39098
40086
39097
40085
40084
39099
39090
39092
39091
39094
39093
48805
39095
36825
36826
36829
40083
36821
36824
39086
39089
40074
40073
39088
40079
39081
39083
39085
39084
36815
36816
36819
36810
36811
40071
36813
31905
34187
34186
34184
34183
34182
34180
34189
31913
31912
31915
31914
46158
46156
34176
34172
34171
34170
34179
34177
31902
31904
31903
35496
34164
35494
34162
34161
35492
35491
34160
35490
34169
34167
35498
34153
35483
34152
35480
34158
35488
35486
34155
47457
48785
35473
34142
34141
34140
34149
34148
35478
34147
34145
35475
34144
46121
48782
36791
36793
319064
34132
34131
34139
34138
34137
34136
34135
36795
48772
36797
36799
319033
319030
36782
35452
34120
34129
34127
34126
34125
34124
35454
34123
35453
34122
36787
36789
319046
34110
35440
319048
34117
34116
34115
34114
35445
34111
35442
36773
36774
36775
36776
36778
34119
42641
42642
43974
42643
41311
41310
42648
41316
42649
42644
41319
41318
42647
43978
41317
31992
31991
31997
42632
319020
41305
42638
41304
41302
42633
41309
319026
42634
41307
42636
41306
31980
31989
31988
31987
43950
42620
43951
43952
42621
42626
42627
43958
42622
31970
42619
31979
31975
31977
31976
319000
42610
42615
43946
42616
42617
42618
42613
43944
42614
31960
31961
42608
42609
31964
31963
31966
31965
43930
31949
43936
43938
42600
42601
42602
31950
43928
31957
31958
31953
31952
31955
31954
31939
31938
43924
43926
43927
31948
31947
31942
46194
31943
31928
43913
43916
43912
43906
46187
31937
31933
31917
34197
43904
34196
43905
34193
34192
34191
43901
31924
31926
31925
31922
40186
40185
39198
40183
40188
40187
39193
39195
48903
36924
36926
36927
40181
36921
39186
40174
40173
39188
40172
40179
40178
39189
40177
40176
36913
36914
36915
36916
36917
36918
40170
36911
36912
40164
39175
39174
40163
41493
40162
40168
41499
41498
40167
40165
40169
39173
39172
36903
40160
41491
41490
39164
41484
40153
41483
40152
39166
39165
40150
41481
39168
40156
40155
39169
40154
40159
41489
40158
39160
39161
41480
40142
39153
40141
41472
40140
41470
39157
40146
39156
40145
40144
41475
39159
41474
40149
40148
41479
40147
39150
326273
40131
42794
41461
39144
41460
39143
42797
40135
42791
39145
40134
41465
39148
40133
42793
39147
40137
40136
41467
42798
42799
326262
326264
40120
42783
39131
41450
42784
39130
39133
39132
39135
40124
41455
41454
42781
40122
39136
40121
40128
41459
41458
41457
40126
41456
42787
42788
42789
40129
326251
39138
326255
326254
326256
326259
326258
42772
42773
39122
40113
41443
39123
42770
40111
39125
41448
40116
40115
41446
41445
40114
42777
326240
326244
39129
326246
326245
46326
48986
35671
35670
33017
35679
33018
33015
35678
33016
35677
33013
33014
33011
35674
34342
35673
326234
33019
53428
326237
326216
326219
36990
48973
36991
36992
34330
35660
35669
34338
33006
33007
33004
34336
33005
53433
34334
35665
33002
34333
33003
53431
35663
33000
35662
53432
33001
53437
48971
53438
53435
36996
53436
36997
326224
36999
53439
326226
34339
326206
326208
36981
34326
35656
34324
34323
35654
53444
35653
53445
34321
53442
34320
53443
53448
53446
36984
36985
36986
36988
34329
34328
36989
326214
3771728
35647
35646
34315
34314
34313
34312
35641
34310
36973
36974
36975
36976
35649
34318
35648
36978
326203
47611
36968
34304
35635
34303
34302
35632
36960
36961
36963
36964
34309
36965
34307
36966
34306
36967
36957
53473
36959
53471
53472
35622
35621
35620
36950
36951
36952
36953
36954
36955
35627
36956
35614
35612
35611
35610
36942
35616
36945
35615
40196
2768885
36937
35600
36938
36939
2768889
35609
36930
40193
36932
40192
40191
36933
40190
35604
2768996
117462
2768999
34294
34293
34292
2768981
3885591
34286
34284
34281
34280
2768976
34289
34287
47594
34275
34274
34272
34271
34277
34276
46246
34264
35595
34263
35594
34262
34260
35590
34269
34268
35596
46243
46234
35584
34253
35583
2768940
34250
34259
2768948
117496
35588
34256
35586
35585
2768944
34241
3885565
35571
35577
34245
35576
2768934
34244
35575
35574
36891
36893
34231
35561
35560
35568
35567
2768920
35565
35564
35563
36896
36897
42761
42764
41433
40101
41432
39115
41431
39114
41437
40105
40104
42766
2768916
39116
39119
39118
42750
42752
39102
39101
39104
41420
39103
42758
42759
41425
41423
42754
41428
42756
42757
39106
39105
39108
2768908
42740
41411
41414
41413
42749
41412
42743
41419
42745
42730
42731
41404
42736
41403
42737
42738
41401
42732
41408
41407
42733
41406
42734
42735
42729
42726
42728
42721
42719
249663
42715
42716
42710
251984
42707
42708
42709
42703
42705
42706
42702
35713
35712
35711
35719
35717
35715
40294
40299
40298
35702
35701
35709
35708
35707
35706
40291
35705
35704
40285
40283
40282
40287
39293
40280
40273
39284
40272
39289
40276
40275
40279
40270
40263
39274
41593
41592
40260
41591
39275
41598
41597
40265
41595
39279
41599
40268
39270
39271
41590
40252
39262
39265
41581
39264
41580
39267
41587
40256
39266
41586
40255
41585
39269
40259
41589
40257
40241
39252
40240
39251
39254
39253
39255
39258
40242
39257
41573
40249
41579
40247
39250
39259
39241
4379890
42896
39242
41565
40234
40233
42890
39244
40232
42891
41562
42892
39246
41569
40238
41567
41566
40235
42897
42898
42899
40239
35793
33130
34461
33131
34460
35790
34469
33139
35799
33136
34467
35798
33137
35796
33135
34465
53541
33132
35795
33133
53547
53546
47769
47767
47764
47765
47762
47763
34451
35781
33120
35780
3772715
33127
35789
34458
35788
34457
33126
53554
33123
35786
34455
35785
34453
33121
35784
53558
53556
53557
47757
34440
35771
317852
53561
33117
53562
35778
33114
34446
53560
53565
34444
33112
53566
35774
34442
33110
35773
33111
53564
53569
46415
317860
34437
33105
53573
35767
34435
35766
35765
34434
34433
35764
53577
34432
35762
34431
34430
53578
53579
33107
33108
53580
34426
35757
35756
53584
34425
317824
53581
34423
35754
34422
34421
34420
35751
53585
34429
35759
34428
34427
35758
47729
34414
34413
35744
34412
34411
35742
34410
35741
34419
35749
35748
34416
35747
47718
35735
34404
34403
34402
35732
35731
35730
34408
34405
317815
317813
35720
35728
35727
33090
3772666
42802
42804
42805
33096
33094
4379919
42801
317903
7354466
7354465
3772677
3772670
33085
33081
317911
45064
46391
33076
33071
33072
33078
46386
33064
34396
34395
34394
34393
33060
34392
33061
33066
34397
45040
45039
34384
34383
33051
34381
33059
34388
33056
45031
53504
7354424
53507
34374
33043
33040
34371
34370
33048
34378
53510
33046
34377
33047
33044
34376
45021
53513
53516
45012
34363
35694
33031
34362
34361
34360
35690
34368
35699
35698
33035
33036
35696
33033
33034
34364
35695
34352
35683
34351
35682
35681
35680
33028
34359
33029
33027
34357
35688
35687
33024
33025
34355
35686
35685
34354
34353
33023
35684
41550
42882
42883
42885
39234
40222
40221
41552
42880
41551
40220
42881
41557
40226
40225
40224
40229
42888
40228
42889
41559
39238
39237
42871
39221
42874
39220
41543
40212
40211
39225
40210
41540
39224
42870
41547
40214
40213
42875
42876
41549
40218
39227
42862
39210
42863
40201
41532
39212
41531
39214
39213
40205
40204
42869
40203
41533
40202
42864
40207
42866
42867
41537
39218
39217
39219
42850
42852
39201
41520
39203
42857
41524
42858
42853
41529
42854
41528
42855
39205
39207
39208
42840
42841
42846
42848
42849
41511
41518
42842
42843
42844
42845
251610
42839
42830
42835
41503
42836
41502
42838
42831
42832
42833
42834
42828
42829
42824
42825
42826
42820
42821
3772689
42822
42823
42817
42819
42814
42816
42810
42811
42812
42806
42807
42808
42809
34502
34501
34500
34509
34507
35837
34506
34505
34504
38096
38097
38099
38091
38093
38094
38095
35822
35820
35827
35825
35824
38085
38086
38088
38089
38081
38082
38083
35812
35811
35810
35819
35818
35817
35816
40395
38074
40394
38076
40392
38077
38078
38079
40398
38070
38072
38073
35801
35800
35809
35808
35805
40391
251645
40390
35803
40384
38063
39394
40382
39397
38065
38066
40388
38067
38068
40386
40385
40389
39391
39390
38060
38062
39392
40373
40372
39386
38055
40370
39385
38056
40377
39387
40376
40375
38059
40378
39382
39381
39373
41693
40361
39375
40360
38044
39374
41690
38045
39377
39376
38046
41695
41694
40363
40369
41699
41698
40367
40351
39361
39364
38032
38033
41686
40355
38034
39366
39365
40354
39368
38037
40359
41689
40358
41688
40356
251690
39360
39369
45233
47894
47895
45234
33252
34582
33259
34589
34588
33258
33255
34585
33240
34572
33241
34571
34570
33249
34578
34577
33245
34573
47878
47877
47874
35892
34560
35891
317973
33237
34569
33238
35899
35898
33235
34567
33236
35897
34565
33234
35895
34564
33231
35894
35893
33232
34550
35881
35880
47869
33226
34558
35889
35888
33224
35886
33225
34554
35885
33223
33220
35882
34551
34559
47854
47852
317952
33215
35878
35877
317946
34546
33213
33214
35875
33211
34542
33212
34541
33219
34549
34548
33218
34536
33204
35867
33202
35865
33203
35864
33201
7354398
35861
35860
33208
34539
33209
33206
34537
33207
35856
34524
35855
317924
317922
35851
317928
35850
34529
34528
35859
34527
35858
34526
34514
35845
35843
35841
35840
34519
35847
34516
42923
42924
42925
42926
42921
42922
42919
42912
42913
42915
42911
42905
42906
42907
33196
42901
33197
33194
42903
42904
33193
33190
33191
42900
33198
33185
33184
33180
33174
33175
33172
33170
33171
33178
33179
34495
34494
34493
33161
33162
34490
33169
33167
34497
33165
33166
34483
34482
34481
34480
33158
34489
34488
33156
34487
34485
33155
46456
33141
33142
34471
34479
33147
34478
34477
33143
33144
34474
47781
40340
39351
41671
41670
39350
38021
38022
38023
41675
39355
40343
39354
41674
40342
39357
40341
41672
39356
40348
40347
40346
41676
40349
39359
38028
38029
39340
41660
42993
42994
42995
38012
39344
38013
41663
40332
39343
40331
41662
40330
41661
41668
40336
41666
42996
42998
40339
42999
38016
38017
38019
39349
42981
42982
42983
42984
38001
38002
40321
41652
39332
39335
41651
38003
41650
38004
40326
40325
41656
40323
42985
42986
42987
40327
38005
39339
39338
38009
42970
42971
42972
41642
40310
41646
42979
41644
40313
41643
42975
41647
30991
40309
30990
39326
30996
39329
30995
30998
42961
42962
40300
39310
39313
41635
40303
41634
41633
40302
42969
40308
41639
42963
41638
42964
40307
41636
40305
30981
30980
41629
30982
39315
30988
39314
39317
39316
39319
30986
42951
41620
39301
42956
42957
41623
41622
41621
41628
41627
42953
42954
41626
41625
30972
30971
248102
39304
30977
39306
30975
39309
42940
42945
42946
41612
41611
41610
42948
42941
42942
41616
42943
41615
41609
41602
42934
41601
42935
41600
42936
42937
42930
42931
42933
41603
42928
35955
35954
35953
34622
34621
35952
35950
192470
34629
34627
35958
34626
35956
34625
34613
35944
35943
34611
34610
35941
35940
34619
34618
35949
34615
35946
5740557
35933
35932
34601
35931
35930
8674000
35939
34608
35938
35934
47900
38195
38196
38197
38198
38199
47906
47905
38192
38193
38194
5740544
35922
35920
35929
35927
35926
35925
35924
35923
38184
38185
38186
35909
38180
38182
35910
35919
35918
35916
35914
35913
38173
38175
38177
40497
40495
38170
35900
252671
35908
35907
35904
40490
35902
35901
40483
39494
40482
39493
39496
38164
40481
38165
40487
39497
40485
40484
38169
5740592
318983
40489
40488
38160
39491
38161
5740599
5740590
39483
38152
39485
38153
39484
38154
38155
38156
40475
40474
40473
318992
39481
38150
39480
318996
38159
44027
44029
7411854
32041
33372
32042
318961
33373
33370
32049
32047
318957
33379
32045
33377
33374
44021
44018
45343
44011
44014
44013
33361
34693
33360
33369
32039
34699
34696
32035
32032
34695
44010
249072
44005
44007
47998
44006
44001
44000
46662
33350
33351
32020
34681
32027
33358
32028
34688
318935
33356
34687
34686
34685
34684
34683
32022
33353
318938
45325
45326
45320
45329
32016
33347
32017
318947
32014
34677
32015
33346
34676
33343
34674
34673
32011
318949
32018
33349
32019
35991
45318
35999
32005
33336
35998
33337
32006
35997
34665
33335
32001
35995
34664
34663
33333
33331
32000
32009
32007
34669
32008
33339
45307
35988
34656
34655
33323
35986
33324
35985
35984
34652
35981
34658
47954
35977
33314
34644
33312
33313
35974
34642
33310
35971
35970
33318
33319
34648
35979
33317
47942
33303
33304
34634
33301
34633
35963
34632
34631
33300
34630
33307
34639
33308
35968
33305
34636
33306
41712
41716
41709
41708
41707
41706
41701
41700
41704
41703
41702
45285
45278
33295
33293
33291
33290
33299
33298
45269
45268
33285
33283
33281
8674091
8674096
33288
33289
33286
10178904
33274
33271
33270
33279
33277
33276
45250
45247
45249
33262
33263
34593
34592
33260
33261
34591
34590
33268
33269
33266
34598
33267
33264
34595
40461
38141
39476
38144
41795
38145
39475
40464
38146
39478
38147
40462
40469
40467
41798
39470
38148
39479
38149
39460
41780
38131
39463
39462
41785
39465
38134
40453
39464
38135
41783
39467
40451
38136
40458
41789
41788
40457
40456
40459
8674055
38137
39450
41770
39452
39454
40443
38122
41773
39453
39456
41772
38124
41771
39455
38125
41778
41776
40444
41775
40449
40448
39458
39457
38127
38128
39459
39440
40432
41762
40431
38113
39445
40430
41761
40436
41767
40435
41766
40434
40433
40438
41768
38116
39430
39432
40421
38100
39431
40420
39434
10178964
38103
39433
41756
40429
40428
41758
5740653
41757
38104
39436
39435
39438
38106
39437
39439
38109
40410
39421
41740
39420
39423
40414
41745
40412
41743
40411
41749
40418
40417
40416
41747
41746
40415
40409
41739
39425
39424
8674017
39429
39428
41730
39410
39411
41734
40403
41733
40402
41738
41737
40406
40404
41729
41728
8674049
39414
39413
39415
39418
39417
39419
39400
41722
41721
41720
41725
41724
41718
41717
39403
39402
39405
39404
39406
39408
5740457
34745
33413
33414
33411
34743
33412
34741
33419
34749
33418
34748
251414
34747
5740446
46719
34734
33402
34732
33408
33409
33406
10178782
34736
33404
34722
34721
34720
34728
34727
34726
34710
34719
34717
34716
34715
34701
34700
34709
34708
34706
34704
38294
38295
38296
38298
38290
38291
38292
251466
38286
38287
38281
251430
40593
38273
38274
40590
40596
38277
40595
40594
40599
5740462
40598
44148
44149
32163
32160
33492
33490
32168
33499
32169
32166
33498
32167
32164
33495
32165
33496
45467
44132
44135
32152
33481
33488
3346192
33489
33487
32153
32154
45460
44131
44127
33471
32140
32141
3346167
33470
44129
3346162
32148
32146
32144
32145
33473
32142
33474
32143
44115
44111
34792
33460
33461
34790
44118
32137
33468
34799
33469
33466
32135
33467
32133
34796
33465
33462
34794
32131
32132
34793
32139
44100
45432
34781
34780
34789
33458
34788
34787
32124
32125
32122
34785
34784
32123
32120
33451
34783
32128
33459
32116
34777
33447
32113
33444
33445
32114
34774
33442
32111
33443
34773
33440
34772
34771
33441
32119
33449
34779
32104
34767
33436
32102
33434
32100
34763
34762
32101
33432
32108
33439
32109
32106
34769
34768
32107
33438
45401
34756
33424
34754
33423
34752
34751
34750
34758
33426
34757
41831
41830
41837
40506
41836
40505
41835
40504
41834
41829
39513
39514
39518
39500
41822
41820
41824
41823
39509
41817
41816
44096
44095
44098
39504
44097
39505
39508
39507
41810
41807
44087
44086
44079
41800
32094
41804
32093
41803
32090
41802
41801
32091
44072
44071
45398
45399
32083
32081
32080
32089
32087
32088
45396
44059
44058
32074
32072
32073
32071
32078
32079
32076
32077
44052
45382
44054
45380
44046
33392
33390
33391
32060
32069
32067
33398
32068
33399
32065
33397
45374
45368
44039
32053
33384
32050
32051
33389
32058
33388
33386
32055
44030
45360
39593
40582
38261
39592
40581
38262
38263
39594
40585
10178801
39599
10178800
40589
40588
40587
4379884
39582
38254
40575
40574
38256
39588
39587
38257
40579
40578
40577
40576
10178819
39580
38259
40560
38240
39570
38241
39573
39572
38242
38243
40564
39574
40563
38244
41894
40562
39577
38246
40568
40567
41896
40565
40569
4379864
38248
38249
41880
39560
38230
38231
39561
38232
41884
40553
38233
41883
40552
39566
40557
41888
41887
40554
41885
40559
40558
39567
4379854
38238
39569
39551
39550
40542
38221
41873
39552
41872
40541
41871
38223
40540
39554
41870
40546
40545
41876
41875
40544
40543
40549
41879
40548
39557
4379844
38228
38229
39540
39542
41862
38211
41861
40530
5740528
41860
39543
40535
41866
40534
41864
41863
40532
41869
40538
41868
41867
40529
39546
39545
39548
38216
39547
38218
39549
38219
39531
41850
39530
38202
41855
40524
41854
41853
40522
41852
41859
41858
40527
41849
39535
38203
38204
39537
38205
39536
38206
38207
38208
38209
41840
5740505
39520
39522
40513
41844
41843
40512
41842
40510
41848
40517
41847
41846
41845
40514
40509
40508
40507
39524
39523
39525
39527
45510
32203
32204
33532
34863
33530
32209
32207
33539
32205
33536
33524
33521
34850
33529
33527
33528
34858
34857
33526
34856
34844
33512
33513
34842
33511
34840
49090
33518
33519
33516
34848
34847
33514
34846
33515
34845
5740788
318794
46813
33501
33502
34830
49080
33509
33507
34839
33505
34837
33503
34835
37095
37096
37097
37090
49070
34828
49077
34823
37084
37089
34809
37080
37081
37082
37083
34811
34818
34816
34814
34812
37075
37078
37079
318741
37070
37072
34800
34808
34807
34806
34805
34804
34803
34801
37062
37063
37064
38395
38396
37065
38397
37066
38398
38399
37068
37069
38391
318747
49045
44269
44266
32283
32282
318721
50032
32288
32285
44261
44260
44263
44258
44259
44254
32272
32271
32278
32274
44251
45577
32262
32260
3771836
318700
32269
32267
32268
50055
32263
44235
44238
33581
32250
32251
32258
33589
32256
32257
50063
318709
33583
32253
44227
44226
33570
32240
33571
3771814
117419
44228
50070
33578
50073
32245
50075
33576
32246
33574
32243
33575
32244
32241
33572
33573
34891
33560
50082
34897
33565
34896
33563
34894
32233
32230
34893
34892
33562
33569
32238
44205
44207
32225
34888
32226
33557
34887
33554
34885
33555
32221
34884
32222
34883
34881
34889
32228
45525
45524
32214
34877
34876
34875
34874
34873
33541
34872
32216
34879
39630
38300
38301
40623
40622
246621
40621
41952
40620
40627
246624
41957
40626
3346227
41955
40624
246627
41949
40617
38302
38303
39636
38304
38306
39637
39621
39620
41943
41942
3346235
41941
41940
40616
40615
3346239
41945
40613
41944
41939
40608
40607
41938
40606
246640
39625
39624
39627
39629
39628
3346209
246608
39610
41932
40600
41931
3346201
41930
2768853
2768852
41936
40605
246602
3346206
41935
246604
40603
246605
39619
41926
39612
39611
39613
39615
39617
41921
41920
246610
41925
41922
41917
39600
39603
39602
39604
5740816
41914
246668
41912
41911
2768836
246670
41904
246673
44183
32195
32193
41903
32191
41902
32190
32199
50002
32198
44173
44172
50007
32183
246648
246650
117369
117368
246652
117361
44160
44155
44154
246653
246656
117353
50022
32176
50026
44150
50027
37053
38385
37054
38386
37055
38388
38389
37058
38381
37059
37040
40692
40691
37041
38372
40690
37042
37043
38375
40696
37044
40695
38376
40694
38377
40693
38378
40699
40697
38379
38360
40681
39691
40680
37030
38362
39694
37031
38363
38364
37033
38365
40684
39695
37035
40683
40682
38367
37036
40689
40687
39690
38369
37038
37039
38350
39683
38352
39682
37022
38353
39685
40673
40672
39687
38355
40671
37025
40678
40677
40676
40679
39689
39688
37027
37028
37029
41990
39672
38340
37010
38341
40663
41994
38342
41993
37012
40661
39676
39675
41991
38345
40660
37014
41997
40666
41996
41995
40669
37015
38346
38347
39677
39679
37019
38330
39663
41983
38332
41982
41981
37002
40656
40655
40654
41985
40653
41984
41989
40657
37004
39666
37005
37006
37007
38338
37009
39650
41972
39651
40640
38321
41971
38322
39654
38323
39653
40644
40643
40642
41973
40639
39656
38324
38326
38327
39657
38328
39659
40630
39643
41965
40633
41964
40632
41963
40638
41968
40637
41967
40628
41959
39645
38315
39647
39646
39648
44307
34987
33655
32324
33656
34986
32322
34985
32323
34984
32320
33652
32321
34980
33650
33659
32329
33657
3354896
32326
34988
32327
34976
33644
32314
3354888
33645
34975
33642
32311
33643
32312
33640
33641
34970
32319
33648
32317
32318
34979
33649
32315
33646
32316
32302
32303
34963
33631
34962
32301
34961
33630
33639
32309
34969
32306
33638
34968
32307
34966
5740668
5740660
5740664
33622
34954
34953
34952
33621
33628
33629
33626
33627
34956
318881
318883
34943
33611
34942
33610
33619
34949
33617
34947
33615
34946
33616
318890
318893
33600
34932
252554
33601
34930
33607
33604
33602
34934
33603
37194
37195
37197
37198
37199
37190
318867
318859
34928
34927
34924
37185
37187
37188
34908
318874
318878
37181
37182
34910
318868
49168
34917
49165
34912
43059
43056
43057
318841
31070
31079
31075
31078
43050
50157
43051
43052
43053
44380
3771983
43043
32393
32394
251270
31063
31062
32392
318855
31069
50160
318847
318846
31065
32398
31067
31066
50169
43040
43041
43042
43039
43034
43035
31050
31052
32381
50170
31059
31054
31055
44360
2768680
44359
45683
43023
44355
318830
2768685
2768688
3771968
2768687
318833
32379
31046
318825
31049
31048
32375
31043
31042
32373
31044
32374
45680
45682
43020
43015
43016
43017
43012
32360
32361
33692
2768674
2768677
31030
43018
50190
2768670
32368
31035
31038
8680145
50196
31037
32367
33693
32362
31039
43003
43004
45668
43005
43006
43000
43002
33680
32350
43007
44339
43009
2768661
32357
32358
31027
33686
31021
33685
31023
32351
33682
32352
31022
31029
45655
44326
33670
33677
31014
33678
31013
33675
31016
31015
32345
32343
32340
31012
31011
32341
33672
31018
31017
32348
32349
44315
44317
31003
32335
34997
33667
31002
34996
31004
32334
34995
34993
31001
34992
31000
32330
33661
32339
31007
31006
31009
32337
33668
34999
33669
40740
39750
38421
39753
38422
40743
40741
40745
40739
38424
39757
39756
39759
38428
39758
39740
39742
38411
40733
40732
40728
39744
38412
38413
38414
39746
39745
39748
39747
38418
38400
40720
40725
40724
40723
40719
40718
40717
40716
39733
38404
39737
38406
39736
38407
39720
40711
40715
40714
40713
40712
40708
39729
40706
50101
40709
39721
50105
39726
39725
39727
3771890
40700
40704
40702
40701
2768718
39712
39717
44297
50123
50124
50126
39703
39706
44291
44289
3771877
50133
44279
44276
44275
32294
32295
32292
32291
32298
50143
32299
32297
50147
50149
37174
37175
37176
37177
37178
37170
34907
34906
34903
34901
38492
38493
38494
37164
37165
37166
37167
37168
38499
38490
38491
117294
37152
37153
38484
38485
37155
38486
38487
37156
38488
37157
38480
38489
37158
38470
40791
38471
40790
5740700
38472
37141
37142
38473
37143
40795
37144
40794
40793
37146
40792
38477
40798
192506
192507
192508
40796
192509
38478
37147
37148
37149
39791
40780
39790
39793
37130
38462
39792
37131
38463
37132
39795
38464
37134
39797
38466
39796
37135
40781
40787
40785
40789
39798
37137
37138
38469
39780
39782
39784
38452
37121
37122
37123
39786
40771
38454
39785
37124
40770
40779
38456
39788
38457
39787
38459
39771
39770
39773
40762
37110
37111
39772
40760
38443
39775
37112
37113
38444
40764
40767
39777
39776
37116
38447
37117
38448
37119
39760
5740746
40751
39764
37101
38432
37102
39763
38433
40755
40753
40752
40749
39766
37104
39765
38435
37105
39768
38436
38437
37106
38438
37108
39769
318562
318566
45757
33776
32446
33777
33774
32443
33775
32444
32441
33772
32442
33770
31110
32449
31119
31118
33779
318573
318572
32434
31101
31103
32430
33760
31109
31106
31105
32437
44409
45739
33754
33752
33753
33750
32420
33751
32429
3354992
33758
33759
3772082
3354994
32425
33757
3354996
318554
318559
32413
3354987
33744
3354988
33742
33749
33748
32414
3772091
32415
5740131
33732
32402
3354977
32400
32409
3772064
33738
32407
33739
32408
33736
32406
33735
45707
33721
3354965
33727
33725
33726
5740113
33710
33711
33718
33719
33716
33717
49297
33714
33715
33712
33707
33708
33705
33706
33703
33704
33702
43179
43176
43177
31193
31195
5740176
31194
40901
40900
31190
39917
39916
50270
39919
39918
31197
31198
43171
39915
43170
43169
43164
44496
43165
43166
43167
44497
3354918
31181
31184
39906
31189
50281
39905
3354921
39908
39907
50286
31186
31185
50285
3354925
50287
43160
43161
50289
43162
39900
43163
39902
39903
43157
43158
43159
43153
43156
31171
31170
31173
31172
31179
31178
31175
31174
31177
31176
44481
43150
44483
43151
44482
43152
43146
43142
43145
32490
31162
31167
32498
31169
32499
31163
31166
32495
31165
43136
43132
43134
32481
32482
31151
31150
31157
31156
32487
31158
32488
31153
31152
32483
31154
43130
45786
43125
43126
43120
45783
43122
45785
45784
32470
32471
31140
43128
31146
32478
31145
31148
31147
31142
32474
31141
31144
31143
32473
45780
31149
45775
43115
44446
44441
43112
33790
33791
43117
44448
33798
33796
31137
33797
32463
33795
32464
31130
33792
32461
32462
31132
8673992
31139
43102
43103
44433
43104
43105
44432
43101
44438
44437
33787
32457
31126
32454
33785
32455
32452
31120
33783
32453
33781
32450
33782
31121
31128
31127
32458
32459
31129
38540
40861
40860
38541
39871
39874
39873
38543
40864
40863
40862
40869
40868
40866
40859
39876
37214
39875
39878
37215
38547
37216
39877
38548
37217
38549
37218
40850
39860
38530
39863
38531
37201
39862
40852
40851
40858
40857
40856
40849
40848
50202
37202
38534
38535
39867
37205
39866
50206
50205
37207
50208
37209
50209
39850
38520
38521
40843
40842
40841
40847
40844
40839
38522
39856
39855
38526
38527
50216
38528
38529
38510
39840
40832
40831
40830
40835
40834
38519
40828
38511
39843
39842
38512
39845
38513
50225
39844
39847
38515
39846
38516
50227
39849
38518
43099
40821
40820
64875
246425
64877
40825
40824
40822
38508
40819
38501
39831
43095
38502
43096
38503
50236
39836
43091
39835
39838
43092
43093
64880
43087
40810
40814
40813
246439
40812
39829
40807
40806
40805
40804
39821
50246
43083
39820
43084
43085
43086
39824
43080
39827
39826
43077
43078
43079
31093
31095
31090
40803
39818
50251
39819
50250
31098
31097
39810
43072
50259
39812
39811
39814
39813
43070
43067
31083
246412
31082
31084
31081
39808
31086
43061
44392
39801
43063
39802
44391
44390
39804
37297
37299
37290
37292
37283
37284
37285
37287
37289
37280
49260
246485
37271
37272
37274
37275
37277
246445
246448
3772007
38591
37261
38593
37264
38596
37266
38597
38598
38599
37269
49241
38580
38581
37250
38582
38583
37253
37254
37255
37256
38587
37258
37259
38571
40894
49228
38574
40893
37244
38576
40897
37246
37247
37248
37249
37230
39894
37232
39896
37233
318582
38565
39895
40887
40886
318587
40889
40888
246497
37235
39897
37237
39899
37238
37239
246490
39881
318595
37220
40872
39883
37221
38552
40871
39882
37222
39885
40870
38553
37223
39884
38554
318599
40876
40875
40877
38556
37225
39886
39889
38557
37226
39888
38558
37228
38559
37229
45875
44544
43212
44543
43214
45871
44540
43210
33890
44548
45879
43216
43217
33897
32566
33898
32567
32564
31235
32565
33896
33893
31230
33894
32563
32561
31237
32568
33899
31239
43202
43203
44531
43200
43206
43207
43208
31222
33884
33885
32551
33882
33883
32552
31221
33881
31220
31227
31226
32557
31229
32558
31228
44522
31212
32544
33875
32545
31211
32542
31214
32543
31213
32540
32541
31210
32548
31215
32549
31217
44510
45840
45845
45848
31201
32533
33864
32534
31200
33865
32531
32532
33863
32530
31208
32539
32537
31205
33868
31204
33869
31207
32536
45830
3772186
318646
44505
32522
33853
32523
32520
33852
32521
33850
33859
32528
33857
32524
32525
45827
33842
32511
32512
33843
33840
33841
32510
32518
33849
33846
32515
33847
32516
32513
32514
33845
318625
45815
318622
33831
32501
33830
32508
33839
32509
33837
32506
32507
32504
33835
32505
32502
33834
36093
36091
36098
318636
318633
48071
33820
318627
33828
33829
33826
33827
33824
33822
33823
50392
50391
38708
50396
43292
43293
38702
38703
43290
43288
318604
43281
43282
43284
43278
43279
43275
43276
31292
31291
31293
31290
31295
31298
43270
43267
43269
43265
43266
31280
31283
31289
31286
43261
43256
43259
31270
31272
31271
31279
31273
31276
31275
43250
43251
43245
43246
44573
43241
43243
32591
32592
31261
31260
31267
32599
31266
31269
32597
31268
32595
32596
32593
31265
32594
31264
43240
43235
43236
43230
43231
43232
45894
43233
32581
31250
43238
31256
32588
32589
31255
32586
31258
31257
32584
32585
31251
32582
31254
31253
31259
44554
45881
43221
43228
43229
32576
32573
32574
31240
31243
45880
31249
31248
32579
246507
38660
38661
40982
37330
39992
39995
40980
38664
40986
36001
40984
40987
36009
36006
36005
50310
36004
39997
37334
37335
38666
39996
37336
38668
37337
38669
37339
39982
39981
40970
38652
38653
40973
40972
40979
246515
40977
40976
50323
38654
39986
38655
39985
37325
38656
39988
39987
38658
37328
39989
40960
39972
40963
40961
40967
40966
40965
40959
40958
38643
38644
38645
37314
37315
38647
37316
39979
39978
37317
37319
39960
38630
37300
38631
39961
40953
40952
40950
40957
40956
40949
40948
39964
37301
37302
37303
38634
38635
37305
37306
38637
39969
37308
38639
39951
39950
40942
40941
40940
40946
40945
246549
38629
40937
50350
246552
50356
39953
39955
38623
38624
39954
39957
39956
39959
38628
39958
39940
40934
40933
40932
38619
40925
50363
50365
40929
38610
50366
39941
38611
38612
39944
39943
38613
38614
38615
39945
39948
40920
246525
40922
40921
39939
39938
40916
50374
50373
40919
40918
50378
38600
38601
39933
50379
38602
43196
39935
38603
38604
43190
38605
39937
43192
39936
43186
43189
246534
246538
40905
40904
39929
40909
246540
40908
43183
39922
43185
39924
43180
39926
36081
36080
33808
33809
36089
246588
36087
36086
36084
33810
246595
246596
33817
33818
33814
33812
36071
36078
36076
36073
33806
33804
33805
36060
37392
37393
37395
37397
37398
37399
36068
246565
246568
36064
37381
37382
37385
37386
37387
36057
36054
36053
36050
36059
37389
37371
3772102
37372
37374
37375
37377
36046
36045
36044
36041
36040
36048
37378
37379
37360
38692
38693
38694
37363
38695
37364
38696
37366
36035
36034
36032
36031
36030
36039
36038
36037
38698
37368
38680
38682
38683
38684
38685
37355
36024
36023
36022
36020
36028
36027
36025
37356
38688
37357
37358
37341
40993
40992
38674
40991
40990
37344
38675
40997
40996
40999
40998
36019
36018
36017
36015
36014
37345
38677
50300
50302
42002
43333
42003
43334
42004
42005
43330
42000
43331
42001
43332
32680
42006
44668
32687
31354
31357
32685
32683
31351
31350
32684
31359
31358
32689
43323
44653
43325
5740320
43327
5740323
43329
32676
32677
31343
32674
31340
32672
32673
31342
32670
31341
32671
31348
31347
32679
31349
44643
43311
43312
44642
45973
43314
45970
43310
43319
43315
43316
43318
31332
31335
33994
32663
32664
33995
33992
32661
32662
31331
33991
31336
32668
44632
43300
5740303
45961
45960
43308
43306
43307
31322
33986
31321
33983
33984
33981
32650
33982
32651
31320
31329
33989
31326
31328
33987
32656
32657
45959
33974
31310
32641
33973
33971
32640
31319
31318
31315
33979
32648
33976
32645
33977
32646
31316
5740362
31300
32632
33964
33961
32630
32631
31301
33960
33969
32639
33968
33965
33966
32635
45931
33952
32622
33953
33950
32629
32627
33959
32625
33954
32623
32624
5740349
45928
45922
33941
32610
32611
33942
33940
33949
32616
32617
32615
33946
33943
32612
33944
32613
42086
42087
38828
38829
38820
38821
38823
38824
42079
42075
42076
42077
38816
38817
38818
38819
42072
38810
38811
38812
38813
38814
42070
38815
43399
42069
42064
43396
42065
42066
43397
43398
38806
38807
38808
38809
42060
43392
42062
42063
38800
38801
43390
42057
43389
42058
42059
43384
42053
43385
43386
43387
42056
42050
42051
43383
42046
43378
42048
42049
43373
42043
43375
42045
31391
31390
31393
31399
31398
31395
31397
31396
42041
43367
42037
43369
42031
43362
42032
42034
31380
31382
31381
31388
31387
31384
31383
31386
31385
42024
42025
43356
42026
43358
42027
42020
43351
43352
42022
43353
43354
31371
31370
42028
42029
31376
31379
31373
31372
31374
43350
43344
43345
42015
44672
43342
43343
32691
43348
43349
44679
32698
32696
31362
31361
32695
32692
31364
31363
31369
37450
37451
38782
37453
36123
36122
36121
36129
36127
36124
50433
38786
37455
37456
50432
38788
37458
49427
37440
38772
38773
49424
36111
36110
36118
50442
50441
38775
37446
50446
37447
38779
37449
38760
37430
37431
38762
36101
36109
36108
36107
36105
36104
36103
36102
37433
37434
50454
38765
50457
37435
50456
38768
37439
38750
38751
37420
38752
50463
38753
37422
50466
38754
50468
50467
38756
38757
38758
37427
37429
38740
37410
38741
37419
37411
37412
37413
37414
38746
37415
37416
38747
37417
38748
37418
38749
38730
37400
37401
38732
38733
37402
37403
38735
37407
38728
38720
38721
38722
38723
38724
38726
38727
38717
38718
38719
38710
38713
38714
38716
45908
32607
32608
33939
32605
32606
33937
33934
32603
32604
33935
32601
33933
32602
36190
33918
36199
45906
36196
36195
36194
36193
33920
33927
33928
33925
36180
33907
33908
36189
36188
36186
33916
33917
33914
33910
33911
36170
36178
36176
36174
36173
36179
33905
33906
33903
33904
33901
33902
33900
37492
37493
37496
37497
36163
37480
37481
37482
37486
5740408
37487
36156
36154
36150
36159
36158
37488
50403
37471
37472
37473
37475
37476
36145
36144
36142
36146
50415
50417
38791
38792
37461
38793
37462
38794
37464
38795
38796
37465
36134
36133
36131
36130
36139
36138
36136
36135
38797
37467
38798
37468
38799
50428
42123
44786
44785
42124
42126
43457
43450
42121
42122
44783
42127
43459
42128
42129
31474
31473
5740204
43443
43446
43440
42110
43441
43442
43447
43448
42117
43449
31465
32797
32796
31466
32793
31461
32794
31460
32791
32792
31469
32799
43433
43434
43435
42100
43431
42109
42105
43437
42106
43438
43439
32786
32787
32785
31450
32780
32781
31451
31458
32788
32789
31459
43424
44750
43425
43426
43427
43428
31443
32775
31442
31445
32774
31444
32771
31441
32770
32777
31449
31448
32778
43410
43412
5740252
43414
43415
44748
44747
43417
32762
32763
31433
32760
32761
31430
31439
32768
31435
32769
32766
43400
43401
43402
5740245
43404
44736
32753
31420
32754
32751
32752
31429
31425
32757
31424
31427
31426
44728
44724
32743
32740
31411
32741
32748
32746
31416
31415
32731
32730
32739
31407
31406
31409
32737
32738
31405
32733
31404
37617
37618
37619
5740294
38940
38941
38942
37613
38944
38945
37614
42196
42197
42199
38937
37608
42192
42194
38931
37601
38932
37602
37603
38934
38936
42189
42185
42186
42187
42188
5740279
38928
42182
42184
38921
38922
38923
42174
42175
42176
42177
38915
38916
38918
38919
42171
42172
42173
38911
38912
38914
43499
42169
43494
42164
43495
43496
42166
38909
43490
43491
42160
42161
38900
43488
42158
43484
43481
43482
43476
42145
43477
42146
42148
42141
42142
42143
43474
43475
42144
31498
31497
31493
42140
43466
43467
43461
42130
42131
42132
31481
31480
42139
31487
31489
31483
44791
44790
43460
48228
37570
37571
37573
48224
37574
36243
36242
36241
36240
36248
36246
37576
37577
37578
37579
38890
37560
38891
37561
37562
38895
37564
36232
36239
36238
36236
36235
37565
38897
38898
37569
38880
38881
38883
37552
36227
36223
37554
38887
38888
38889
37559
38870
38871
38872
38873
37542
36210
36217
36216
36214
36213
37544
38876
38878
37548
38879
37549
37531
36200
36207
36205
36201
37532
38863
38864
37534
38865
37535
37536
37537
36209
49505
38850
37520
37521
38852
37523
37524
37526
37527
38859
37528
38840
37518
38849
37510
38842
37511
38843
38844
37514
38845
38846
42097
42098
38838
38830
42093
38831
42094
37500
42095
37502
42091
42092
44702
44701
44703
32721
32728
32726
32724
32725
32722
260645
32718
32716
32707
32705
32700
32701
36290
36299
36298
36297
36294
36293
36292
36280
36288
36285
36282
36281
36289
246399
36277
36276
36273
36272
36271
36270
36278
49580
37591
37596
37597
36266
36265
36264
36263
36262
36260
36269
36268
37598
37599
37580
37581
48239
37586
36255
36253
36252
36250
36259
246386
246388
37589
