854170
854173
854177
854175
854176
854179
3077355
854181
854184
854185
854182
854183
854188
854186
854187
851900
851902
851904
851903
851906
851905
851908
851907
851909
854191
854192
854190
854195
854196
854193
854199
854197
854198
851911
851910
851913
851915
851914
851917
851916
851919
851918
851920
851922
851921
851924
851923
851926
851925
851928
851929
855461
856792
854130
856791
855460
856790
854133
855465
856796
855464
854134
855463
854131
856794
855462
856793
855469
856799
854138
855468
854135
855467
855466
854136
856797
9164987
9164985
854128
855459
854129
9164986
855472
855471
854141
855470
854144
855476
855475
9164980
854145
854142
855474
855473
854143
9164983
854149
855479
9164984
9164981
855478
854146
855477
9164982
9164977
854139
9164974
9164975
9164979
855483
854151
854152
855482
855481
854150
855480
854155
855487
854156
855485
854153
854154
855484
854159
854157
855489
9164970
855488
854158
9164971
9164965
9164966
9164963
9164969
9164967
855490
854162
854163
855492
854160
855491
854161
854166
855498
855497
854167
855496
854164
854165
855495
854168
855499
854169
9164954
9164955
9164952
9164959
9164957
5848745
851980
9164950
9164951
850650
851982
851981
850651
850641
851973
851972
850642
850643
851975
851974
850644
850645
851977
850646
850647
851979
9164945
851978
850648
850649
851991
851990
850660
851993
850662
851992
851984
850652
9164932
851983
850653
850654
851986
851985
9164931
850655
851988
850656
850657
851987
850658
9164934
9164935
851989
850659
9164938
9164939
850670
850671
850672
850673
9164921
851995
850663
9164922
851994
850664
851997
850665
9164920
851996
850666
9164925
851998
850668
9164923
850669
9164927
850682
850683
850684
853701
850674
9164910
853702
9164911
850675
850676
853700
850677
853705
850678
853706
9164915
853703
9164912
853709
9164919
853707
853708
9164917
9164900
851931
851930
850600
851933
850601
851932
850602
9164901
851935
850603
851934
9164902
850604
851937
850605
9164907
9164908
851936
850607
851939
850608
851938
850609
9164909
851942
850610
850611
850612
851944
850613
851943
850614
851946
851948
850616
851947
850618
851949
850619
851960
851951
850620
851950
850621
851952
850623
851955
851954
850624
850625
851957
851956
850626
850627
851959
850628
851971
851970
851962
850630
850631
850632
851964
851963
850633
851965
850635
850636
851968
851967
850637
850638
850639
851969
854970
854973
853642
852310
854974
853643
854971
853640
852312
852311
854972
853641
853635
854966
852303
852302
853636
852305
854964
854965
852304
853634
852307
853639
852306
854968
852309
853638
852308
854969
854980
854981
853650
853653
854984
852321
853654
854985
854982
853651
852323
852322
854983
853652
854977
853646
852314
852313
854978
853647
853644
852316
854976
852318
852317
854979
853648
852319
853649
854991
853660
854992
853661
852330
854990
852332
853664
854995
852331
851000
853665
854993
852334
853662
851002
854994
853663
854988
852325
852324
854989
853658
852327
854986
852326
854987
852329
852328
853659
2732686
853671
852341
851010
853670
852340
853675
852343
856700
852342
851014
853673
852344
853674
851013
854999
851005
853668
852336
853669
851004
852335
852338
854997
853666
851007
852337
853667
854998
851006
851008
850570
850572
854930
850573
850574
854922
851895
850565
854920
851898
850567
851897
854921
850568
854926
850569
854927
851899
854924
854925
854928
854929
850580
850581
854940
853610
854941
850583
850584
850585
854933
853602
853603
854934
854931
850577
853600
850578
854932
853601
854937
853606
850579
854938
853607
854935
853604
853605
854936
854939
853608
853609
850590
850591
850592
850593
853620
850594
854952
853621
850595
854950
853613
854944
854945
850587
853614
850588
854942
853612
850589
854943
854948
853617
854949
853618
854946
853616
853619
854962
853631
853632
854963
854960
852301
853630
852300
850597
853624
854955
850598
854956
853625
850599
854953
854954
853623
853628
853629
854957
853626
852390
852392
851061
852391
851060
855421
856752
852394
851063
855420
856751
852393
851065
856750
851064
852395
855425
852398
851067
856756
855424
852397
856755
851066
855423
851069
856754
855422
856753
852399
851068
855418
856749
855417
856748
851059
855416
855415
856746
851070
851071
851074
856763
851073
854101
851076
856761
855430
856760
851075
855436
856767
851078
854104
856766
851077
854105
854102
855434
856765
856764
854103
855433
855429
855428
855427
856758
855426
856757
851083
851082
855443
854111
851085
856774
855442
851084
855441
851087
856772
851086
854110
856771
855440
855447
851089
856778
854115
854116
851088
855446
856777
856776
854113
854114
856775
855444
854108
854109
855439
854106
855438
856769
856768
855437
855450
851092
856781
851091
851096
856785
855454
856784
854123
851095
855453
854120
851098
855452
856783
851097
856782
855458
854126
856789
854127
851099
855457
856788
856787
855456
854124
854125
856786
854119
855449
854117
854118
855448
856779
853682
852350
853683
852352
853680
851021
852351
853681
853686
851023
852354
853687
851022
856711
852353
853684
851025
852356
851024
851016
856705
853679
852346
856704
851015
852349
853677
851018
852348
856702
853678
856709
851019
856708
853690
852361
851030
853693
852360
851032
852363
853692
852362
856723
851034
853697
852365
851033
852364
856722
853698
851036
856721
853696
851035
856720
852366
856716
852358
851027
852357
856715
851029
853688
856714
856713
851028
852359
856719
856718
856717
852370
852372
851041
852371
851040
852374
851042
852373
852376
855403
851045
856734
855402
856733
852375
851044
852378
855401
856732
856731
855400
852377
852369
856727
856726
851037
856725
853699
856724
851039
856729
856728
852381
852380
852383
851052
855410
856741
856740
851051
852382
852385
851054
855414
856745
851056
852387
852386
851055
856744
856743
851058
855412
852389
856742
855411
851057
852388
856738
855407
851049
851048
856737
855406
852379
856736
855405
855404
855409
855408
856739
854290
854291
854294
854295
854292
854293
854298
854299
854296
854297
856000
856004
856002
856001
856008
856006
856005
9164899
9164897
9164898
856011
856010
856015
856014
856013
856012
856019
856018
9164896
856017
9164893
856016
9164894
1466399
9164888
1466398
9164886
856009
850700
850701
850702
850703
850704
850705
850706
850707
850708
850709
856022
856021
856020
856026
856024
856023
9164884
856029
856028
9164882
856027
9164877
9164878
9164875
9164876
850710
850711
850712
850713
9164879
850714
850715
850716
850717
850718
850719
855581
854251
855580
855586
855585
9164870
854255
855584
854252
854253
855583
854258
9164873
854259
855589
9164874
9164871
854256
855588
855587
854257
9164872
854249
9164868
9164869
855593
854261
854262
855592
855591
854260
854265
855597
854266
855596
854263
855595
854264
855594
855599
854267
855598
854268
854273
854270
854271
854276
854277
854274
854275
854278
854279
854280
854283
854284
854281
854282
854287
854285
854286
854289
856072
856071
856070
856077
856076
856075
856079
856078
850770
850771
850772
850762
850763
850764
850766
850767
850768
850769
856084
856083
856081
856088
856087
856085
856089
850780
850781
850782
850783
853800
850773
850774
853801
850775
850776
850777
853804
853805
850778
850779
853802
853803
853808
853809
853806
853807
856080
856095
856094
856093
856092
856099
856098
856097
856096
850790
850792
850793
850794
853811
850784
850785
853812
850786
850787
853810
853815
850789
853816
853814
853819
853817
853818
856091
856090
853830
850795
853823
850796
853820
850797
853821
850798
850799
853826
853827
853824
853825
853828
853829
856032
856031
856030
856037
856036
856035
856034
856039
856038
850720
850721
850722
850724
850725
850726
850727
850728
856040
856044
856042
856041
856048
856045
856049
850730
850731
850732
850733
850734
850735
850736
850737
850738
850739
856051
856050
856055
856054
856053
856052
856059
856058
856057
856056
850750
850740
850741
850742
850743
850744
850745
850746
850747
850748
850749
856062
856061
856060
856066
856065
856063
856069
856068
856067
850760
850761
850752
850753
850754
850755
850756
850757
850758
850759
853760
851100
852431
853763
853761
852433
851102
851101
852432
853762
852424
853756
853757
852423
853754
852426
852425
852428
852427
853758
852429
853770
853771
852440
853774
856800
851111
852442
851110
853775
851113
853772
852444
853773
852443
851112
853767
852435
851104
853768
852434
851103
853765
852437
851106
852436
851105
853766
852439
851108
851107
852438
853769
851109
853781
853782
852451
851120
853780
852450
851122
852453
853785
856811
852452
856810
851121
853783
852455
851124
853784
851123
852454
851115
856804
852446
853778
856803
851114
852445
856802
851117
853776
852448
856801
853777
852447
851119
856807
852449
856806
856805
856809
853792
852460
853793
852462
853790
851131
852461
851130
853796
852464
856822
856821
851132
852466
856820
851135
853794
852465
856815
852457
853789
851126
851125
856814
852456
852459
853787
851128
856813
852458
853788
851127
856812
856819
851129
856818
856817
850690
850691
850692
850693
853720
850694
850695
853712
850685
853713
850686
853710
850687
850688
850689
853716
853717
853714
853715
853718
853719
853730
853723
850696
853724
853721
850698
853727
853728
853725
853729
853741
852411
852410
852402
853734
853735
852401
852404
853732
852403
853733
852406
853738
852405
853739
852408
852407
853737
853752
853753
853750
852422
853751
852421
853746
852412
853743
852415
853744
852414
852417
852416
852419
853747
852418
853748
851180
851182
851181
854210
856873
851184
854211
855541
851183
855540
856870
851185
854214
855545
856876
851187
854212
855544
854213
855543
851189
855539
855538
854208
856869
856868
854205
855536
854206
856867
854209
851191
856880
851190
851193
851192
854221
855553
856884
851195
854222
851194
855552
856883
851197
856882
851196
854220
856888
851199
855557
854225
855556
856887
854226
856886
854223
855555
856885
855554
855549
854216
856879
855548
855547
854217
856891
855560
856890
856895
854232
855564
854233
855563
854230
855562
856893
856892
855561
854231
855568
854236
856899
855567
856898
854237
855566
854234
856897
855565
854235
856896
854229
854227
855559
856889
855558
854228
855571
855570
854240
855575
854243
855574
854241
855573
854242
854247
854248
855578
854245
855577
854246
855576
855569
851140
852471
852470
851142
851141
852472
855502
851143
856832
855501
852474
856831
852477
855500
851146
852476
851145
856830
851137
852468
852467
856825
851136
853798
856824
851139
852469
856823
856829
856828
856827
852480
851151
856840
852482
852481
851150
851153
852484
852483
851152
856844
855513
852486
852485
855512
856843
851154
856842
855511
851157
852487
856841
851156
855510
855506
851148
852479
856837
855505
851147
852478
856836
856835
855504
855503
855509
856839
855508
856838
855507
851160
852491
851162
852493
856851
855520
851161
852492
856850
851164
852495
851163
852494
852497
855524
851166
856855
856854
852496
852499
851168
856853
855522
851167
856852
852498
855521
851159
856848
855517
852489
851158
856847
855515
856846
855514
856845
855518
856849
851171
851170
856862
851173
855531
856861
854200
855530
851172
856860
851175
851174
855535
854203
851177
856866
854204
856865
855534
855533
854201
856864
855532
856863
854202
851178
856859
855528
851169
855527
856858
856856
855525
855529
853080
853081
853085
853082
853083
853088
856114
853089
856113
853086
856112
856111
856117
856115
856108
850800
850803
850804
850805
850806
850807
850808
850809
853091
853090
853095
856121
853096
853093
853099
856125
856123
853097
853098
856129
856128
856126
856119
850810
850811
850812
850816
850817
850818
850819
856132
856131
856130
856136
856135
856134
856133
856138
856137
850820
850821
850822
850823
850824
850825
850826
850827
850828
850829
856143
856142
856141
856140
856147
856146
856145
856144
856149
856148
850830
850832
850834
850835
850836
850837
850838
850839
854371
853041
854372
854370
854376
853045
854373
853042
853043
853048
854379
853049
854377
853047
853039
854382
853051
854383
853052
854380
854381
853050
854386
854387
853056
853053
854384
854385
853059
854388
853057
853058
854390
853062
854394
853060
854391
854392
853061
854397
853066
854398
853067
853064
854395
853065
854396
854399
853068
853069
853074
853071
853072
856103
853077
856102
853078
853075
856101
856100
853076
856107
856106
856105
853079
856104
856194
856193
856191
856198
856197
856196
856195
856199
850890
850891
850892
850893
850883
853910
850884
853911
850885
850886
850887
853914
850888
850889
853912
853918
853919
853916
853917
850894
853922
850896
850897
853920
850898
853925
853926
853923
853924
853929
853927
853928
853940
853932
852600
853933
852602
853930
852601
853931
853936
853937
852603
852606
853934
852605
853935
852608
852607
853938
852609
853939
853950
853951
852620
853943
852611
852610
853944
853941
852612
853942
852615
852614
852617
853945
853946
852616
852619
852618
853949
856154
856153
856152
856158
856156
856155
856159
850840
850841
850843
850844
850845
850846
850847
856161
856160
856165
856163
856162
856169
856168
856167
1500489
850860
850851
1500487
850852
850853
850854
850857
850858
856171
856170
856176
856175
856174
856179
856178
850870
850871
850861
850863
850864
850865
850868
850869
856183
856182
856181
856180
856187
856186
856184
856188
850880
850882
850872
850873
853900
850874
850875
850876
850877
853904
850878
853901
850879
853902
853908
853906
853909
853880
853881
852550
853884
851221
856910
852552
851220
853885
852551
851223
853882
852554
851222
852553
853877
856903
851214
852545
851213
852544
853878
856901
853875
852547
851216
851215
853876
852546
856900
852549
851218
856907
856906
851217
852548
856905
851219
856904
856909
856908
853891
853892
852561
851230
853890
852560
853895
852563
856921
851232
856920
853896
852562
852565
853893
851234
853894
852564
851233
852556
856914
853888
851225
852555
856913
851224
853889
856912
853886
852558
856911
851226
853887
852557
856918
851229
852559
856917
856916
856915
856919
852572
851241
851240
852571
851243
856932
852574
855601
855600
852573
856931
852576
851245
852575
851244
853899
852567
856925
851236
856924
852566
852569
856923
851238
853897
851237
852568
853898
856922
851239
856928
856927
856926
851250
852580
852583
851252
852582
851251
852585
855612
851254
852584
855611
851256
852587
852586
851255
856940
855605
851247
852578
852577
851246
856935
851249
855603
856933
855602
852579
851248
855609
855608
856939
855607
855606
856937
853840
853841
852501
853833
852500
853834
853832
852502
852504
852507
852506
853836
853839
853851
853852
852521
853850
852520
852512
853844
853845
852511
853842
852514
853843
852513
852516
853848
853849
852515
852518
853846
853847
852517
852519
853862
852530
853863
853860
852532
851201
853861
852531
851200
853855
852523
852522
853856
853853
852525
853854
853859
852526
853857
852529
853858
852528
853870
851210
853873
852541
852540
853874
851212
853871
852543
853872
851211
852542
851203
853866
852533
851202
853867
851205
852536
853864
851204
853865
852535
851207
852538
851206
852537
851209
853868
852539
853869
851208
855663
854331
855662
854332
855661
854330
855660
855667
854335
854336
853005
855665
853002
854333
855664
853003
854334
854328
854329
855659
855658
854326
854327
855670
853011
854342
855674
855673
854343
855672
853010
855671
853015
855678
854346
853016
854347
855677
854344
855676
854345
855675
853014
853008
854339
853009
855669
853006
854337
854338
855668
853007
855681
855680
854350
854353
853022
853023
854354
855683
854351
853020
855682
854352
854357
855689
853026
853027
855688
855687
855686
853025
854356
853019
853017
854349
855679
854360
855692
854361
855691
853030
855690
854364
853033
855695
853034
854365
853031
854362
854363
855693
853032
853037
854368
854369
855699
853035
854366
855698
853036
855697
854359
853028
853029
852590
852592
851261
851260
852591
851263
852594
852593
851262
851265
852596
855623
855622
851264
855621
852598
851267
851266
855620
855616
852589
852588
855615
855613
851259
855619
855618
855630
851272
851271
851274
851273
851276
854302
855634
855633
854303
854300
855632
854301
855631
851277
851269
855626
852599
851268
855625
855624
855629
855628
851281
851280
5142379
855641
855640
854310
851282
851285
851284
854313
855645
851286
854314
855644
855643
851289
854312
855642
855638
854306
854307
851279
855637
855636
854305
854309
855639
851292
855652
854320
851294
854321
855651
851293
855650
851296
851295
855656
854324
855655
854325
854322
855654
855653
851299
854323
855649
854317
855648
854318
854315
855647
855646
854319
856231
856230
856234
856233
856232
856239
856237
856236
856229
850920
850921
850922
850923
850924
850926
850927
850928
856241
856240
856246
856245
856243
856249
856247
850930
850931
850933
850934
850935
850938
850939
856253
856252
856251
856250
856257
856255
856254
856258
850940
850941
850942
850943
850944
850945
850946
850947
850949
856260
856264
856263
856262
856261
856268
856267
850950
850951
850952
850953
850955
850956
850958
850959
853161
854493
853162
854490
853160
853165
853166
854497
854494
853163
854495
853164
853169
853167
854498
853168
854499
853172
853173
853170
853171
856201
853177
856200
853174
853175
853178
856204
856203
853179
853183
853181
853182
853187
856213
853188
856212
853185
853186
856210
856217
856216
856214
856209
856208
856207
850900
850901
850902
850903
850904
850905
850906
850907
850908
850909
853190
853191
856220
853194
853195
853192
853193
853198
856224
856223
853199
853196
856222
856221
853197
856228
856227
856226
856225
856219
856218
850910
850911
850912
850914
850915
850916
850917
850918
850919
852701
852700
852703
852702
852705
852704
852709
852708
852710
852712
852714
852713
852716
852715
852717
852719
852730
852721
852720
852723
852722
852724
852726
852729
852728
851410
852741
852740
852732
851401
851400
852731
851403
852734
852733
852736
851404
852735
851407
852738
851406
852737
851409
851408
856271
856270
856275
856274
856272
856279
856278
856277
856276
850970
850961
850962
850963
850964
850966
850967
850968
850969
856282
856281
856280
856285
856284
856283
856289
856287
850980
850981
850971
850972
850973
850974
850976
850977
850979
856293
856292
856291
856290
856297
856296
856295
856294
856298
850990
850991
850992
850982
850983
850984
850987
850993
850994
850995
850996
850997
850998
850999
851340
852670
855700
851342
852673
852672
852675
851344
851335
852666
852665
851334
853999
851337
853996
851336
852667
853997
851339
851338
852680
851351
852682
852681
851350
855711
852684
851353
855710
851352
852683
852686
852685
851354
855704
851346
852676
855703
851345
851348
852679
855701
851347
852678
855708
855707
855706
855705
855709
852691
851360
852690
851362
851361
852692
852695
855722
851364
852694
851363
852697
851366
855720
852696
851365
852688
851356
851359
851358
852689
855712
855718
855717
855716
851371
851373
851372
851375
854401
854402
855732
851374
855731
851377
855730
851376
851368
855726
855725
851367
855724
851369
855723
855729
855728
855727
853961
853962
853960
852630
852622
853954
853955
852621
853952
852624
853953
852623
853958
852626
852625
853959
853956
852628
853957
852629
853972
852640
853973
853970
852642
851311
851310
853971
852641
851302
853965
852632
853966
852635
853963
851304
852634
853964
851303
851306
853969
852637
852636
852639
853967
851308
852638
853968
851307
851309
853980
853983
851320
852651
853984
852650
853981
851322
852652
853982
851321
851313
853976
852644
851312
852643
852646
853974
851315
851314
853975
852645
851317
852648
852647
851319
3628034
853978
851318
852649
853979
853990
853991
852660
853994
852662
851330
853995
852661
853992
852664
851333
853993
851332
852663
852655
851324
853988
852654
851323
853985
851326
852657
853986
851325
852659
851328
851327
853989
851329
855780
855784
853121
855783
853122
854453
855782
854450
855781
853120
855788
854456
853125
855787
854457
853123
855786
854454
855785
853124
853118
854449
853119
853116
854447
855779
853117
854448
855778
854460
855790
854463
855795
853133
855794
854461
855793
853130
853131
854462
855792
854467
853136
855799
854468
853137
854465
855797
854466
853135
855796
853129
854458
853127
853128
855789
854459
854470
853140
854471
854474
854475
853144
854472
853142
854473
853147
854478
853148
854479
853145
853146
854477
854469
853138
853139
4036073
854481
853150
853151
854482
854480
854485
853154
853155
853152
854483
853153
854484
854489
853158
853159
854487
853157
854488
853149
851380
851381
851384
851383
855744
851386
855743
854413
851385
851388
855742
854411
851387
855741
855737
854405
851379
854406
855736
851378
854403
854404
854409
854407
855739
854408
855738
851391
855751
851392
854420
855750
851395
851394
854423
855755
851396
854424
855754
851399
855753
854421
851398
855752
855748
854416
851389
854417
855747
854414
855746
855745
854415
854418
854419
855762
854430
853100
854431
855761
855760
854434
855766
854435
853104
855765
854432
855764
854433
853102
855763
854427
854428
855758
855757
854425
855756
854426
854429
853110
854441
855773
853111
855772
855771
854440
855770
853114
854445
853115
854446
855776
853112
854443
855775
854444
853113
855774
853107
854439
855769
853108
855768
854436
853106
855767
854437
853109
856352
855021
856351
855020
856350
855025
856356
856355
855023
856354
855022
856353
855029
855028
856359
856358
855026
856357
855032
855031
856362
856361
855030
856360
855036
856367
855035
856366
856365
855034
856364
855033
855039
856369
856368
855037
856370
855043
856374
855042
856373
856372
855041
856371
855040
855047
856377
856376
855045
855044
856375
855049
855048
856379
856381
855050
856380
855054
855053
856384
856383
855052
856382
855051
856389
856388
855057
856387
855056
856386
855055
855059
853282
853283
853280
853281
856312
853286
856311
853287
856310
853285
856316
856315
853288
856314
856313
856309
856307
856306
853290
853293
853294
853292
856323
853297
853298
856322
856321
853295
856320
853296
856327
856326
856324
856319
856318
856317
856330
855003
856334
855002
856333
856332
856331
856338
855006
856337
855005
856336
856335
856329
856341
856345
855014
855013
855012
856343
855011
856342
855018
856349
855017
856347
855016
855015
856346
855009
855008
856339
852820
852822
852821
852824
852823
852826
852825
852828
851500
852831
852830
852833
851502
851501
852832
851504
852835
852834
851503
852837
851506
852839
851508
851507
852838
851509
851520
852851
852850
852842
851511
851513
852844
852843
851512
851515
852846
852845
851514
852848
851517
852847
851516
851518
852860
851531
852862
851530
852861
852853
851522
852852
851521
851524
852854
852857
852856
851525
851527
852858
851529
856392
855061
855060
856391
856390
856396
856395
856394
855063
855062
856393
855068
856399
856398
855067
855066
856397
855071
855070
855076
855075
855073
855078
855077
855083
855082
855081
855080
855087
855086
855085
855084
855089
855088
852800
852802
852801
852804
852803
852806
852805
852809
855094
855093
855092
855091
855097
855096
855095
855099
852811
852810
852813
852815
852814
852817
852816
852819
852818
855090
852790
851461
851460
852791
855821
852794
851462
855820
852793
852796
851464
852795
852787
851456
851455
852786
855813
852789
851458
855812
852788
851457
855811
855818
855817
851459
855816
855819
851470
851472
851471
855832
851474
854500
854501
851473
855831
855830
851476
851475
855825
852798
851467
852797
851466
855824
851469
851468
852799
855822
855829
855828
855827
855826
2746858
2746859
851481
851480
851483
851482
855843
851485
854511
855842
851484
855841
851487
855840
851486
855836
851478
854504
854505
851477
855835
855834
851479
854503
855833
854508
854509
855838
854506
854507
855837
851492
855850
851491
851494
851493
855854
854522
851495
854523
851498
854520
855852
851497
855847
854515
855846
851488
855845
854513
855844
854514
854519
855849
854517
855848
854518
852750
851421
852752
851420
852751
852743
851412
852742
851411
851414
852744
851413
852747
851416
851415
852746
852749
851418
852748
851417
851419
851430
852761
852763
851432
852762
851431
852754
851423
852753
851422
852756
851425
852755
851424
851427
852758
852757
851426
851429
851428
852770
852772
851441
851440
852771
852774
852773
851442
851434
852765
851433
852764
852767
851436
852766
851435
851438
851437
852768
851439
851450
852780
852783
851452
852782
851451
852785
851453
851445
855803
852775
855802
852778
851447
855801
851446
852777
855800
855807
851449
852779
851448
855806
855805
855804
855809
855808
854570
853242
854573
853243
854571
853241
854572
854577
853246
853247
853244
854575
853239
853237
854568
853238
854569
855899
3799978
3799977
3799975
853250
3799972
854584
853253
853254
854582
853252
854583
853257
854586
853255
853256
853248
853249
3799970
3799971
3799967
3799968
853260
853261
854590
853264
854595
853265
854596
853262
854593
854594
853268
854599
853269
853266
854597
854598
853267
853259
853271
853272
853275
856301
853276
853273
853274
856305
853279
856304
856303
853277
856302
855861
855860
854530
853202
854533
855865
855864
854534
853203
855863
854531
853200
855862
853201
855858
851499
855857
854527
854525
855855
855859
854529
854540
855872
854541
853210
855871
855870
854544
853213
855876
855875
854545
854542
855874
854543
853212
855873
854537
855869
853207
854538
855867
853204
854535
855866
853205
854536
854539
853209
854551
855883
854552
855882
853221
855881
855880
854550
854555
855887
853224
855886
854556
855885
854553
853222
855884
853223
854554
853217
854548
855879
854549
853218
855878
853216
855877
853219
855890
855894
854562
853231
855893
854563
853232
855892
854560
855891
853230
855898
854566
855897
853236
854567
853233
854564
855895
854565
854559
853229
854557
855889
853226
853227
855888
855142
856473
856472
855141
856471
855140
856470
856477
855145
856476
855144
856475
855143
856474
855149
856479
856478
855147
856480
856484
855153
855152
856483
856482
855150
856481
856488
855157
856487
855156
855155
856486
856485
855154
855159
856489
855158
855160
856491
856490
855164
856494
855163
855162
856492
855161
856499
855168
856498
855167
856497
855166
856496
855169
855171
855170
855175
855174
855173
855179
855178
855177
855176
852071
852070
852073
852072
855102
852075
856433
855101
852074
856432
852077
856431
852076
856430
856437
852079
855105
856436
856435
855104
855103
856434
856429
856428
856427
852080
852082
856440
852081
852084
852083
852086
856444
855113
855112
856443
852088
856442
855110
852087
856441
855117
856448
855116
856447
852089
855115
855114
856445
856439
855108
856438
855107
852091
852090
852093
855120
856451
852092
856450
852095
852094
856455
852097
855124
852096
855123
856454
856453
855122
852099
855121
856452
852098
855128
856459
856458
855127
856457
855126
855125
856456
855119
856449
855118
855131
856462
856461
855130
856460
856466
855135
856465
855134
856464
856463
855132
855139
855138
855137
856468
855136
856467
5814844
852950
851610
852940
852943
851612
851611
851614
852945
851613
852944
852947
851616
851615
852946
852949
851618
851617
852948
852961
851630
852960
851621
852952
852951
851620
851623
852953
851625
852956
851624
852955
852958
851627
851626
852957
851629
851628
852970
851641
852972
851640
852971
850310
851632
850300
852963
850301
851631
852962
851634
850302
850303
852964
851633
851636
852967
850304
852966
850305
851635
850306
852969
850307
851637
852968
850308
850309
851639
852981
851650
852980
850320
852983
851652
852982
850321
851651
852974
851643
852973
851642
850312
851645
852976
850313
852975
851644
850314
850315
851647
852978
852977
851646
851649
850317
851648
850318
852979
850319
855182
855180
855186
855184
855183
855189
855187
852900
852903
852902
852905
852904
852907
852908
855192
855190
855197
855196
855195
855194
855198
852910
852912
852911
852913
852916
852915
852918
852917
852919
852921
852920
852923
852922
852925
852924
852926
852929
852928
852932
852931
851600
852934
852933
851602
851605
851604
852935
852938
851607
851606
852937
851609
852939
851608
851580
851582
851581
855942
851584
855941
851583
855940
851585
851577
851576
855934
854604
851579
854601
855933
855932
855939
855938
855937
854605
855936
854609
851591
851590
851592
855953
851595
854621
854622
855952
851594
851597
855951
855950
851596
854614
855946
851587
855945
854612
855944
851589
855943
855949
855948
854616
855947
855960
853301
855964
855963
853302
855962
854630
853300
854631
855957
851599
851598
855956
855955
854623
855954
854627
855959
855958
855971
855970
854640
855975
853312
855974
853313
854644
853310
854641
855973
855972
853311
854642
853305
855968
854636
855967
854637
853303
854634
854635
855965
853304
853309
853307
854639
855969
853308
852871
852870
851542
852873
852872
851541
851533
852864
851532
852863
852866
851535
852865
852868
851537
851536
852867
851539
852869
852880
852882
851551
852881
851550
852884
852883
852875
851544
855902
851543
855901
855900
852876
851545
851548
855906
852879
851547
855905
852878
855903
851549
855909
855908
855907
851560
852891
852890
851562
855920
852893
852892
851561
851564
852895
851563
851555
852886
855913
852885
851554
855912
855911
851557
852888
852887
855910
851559
855917
855916
851558
852889
855914
855919
855918
851570
855931
854600
855930
851572
851575
851574
852897
2827705
851566
2827704
851565
852896
855923
855922
851568
852899
851567
2827706
852898
855928
851569
855927
855926
855925
855929
854690
854691
854694
853363
852031
853364
854695
852030
853361
854692
852033
852032
854693
853362
854698
852035
853367
854699
852034
853368
852037
853365
854696
854697
853366
852028
854689
853358
853359
853371
852042
856400
852041
853375
852044
853372
853373
856404
852046
856403
853379
852045
856402
853376
852048
856401
853377
852047
852039
852038
853369
853381
853382
852051
852050
852053
853385
856411
853386
856410
853383
853384
852054
853389
852057
856415
852059
856413
853387
852058
856412
853388
856408
852049
856405
856409
852060
853392
853393
852062
853390
852061
853391
856422
853396
852064
853397
856421
852063
856420
852066
853395
852065
852068
856426
856425
853398
856424
853399
856423
852069
856419
856418
856417
850290
850291
855982
854650
850292
853320
855981
854651
850293
855980
850295
854654
850296
855986
853323
850297
855985
854655
850298
854652
855984
855983
854653
853322
850289
855979
854647
853316
853317
855978
854648
855977
854645
855976
853315
854646
853318
854649
853319
853330
855993
854661
854662
853331
855991
852000
855990
854660
853334
852002
855997
853335
852001
854666
855996
854663
852004
855995
853332
852003
853333
854664
855994
853327
854658
854659
854656
853325
855988
854657
855987
853326
853329
854672
853341
854673
853342
854670
852011
854671
853340
852013
854676
853345
852012
854677
853346
852015
854674
853343
854675
852014
853344
854669
853338
852006
853339
855999
853336
854667
852008
852007
855998
853337
854668
852009
854680
853352
852020
854683
853353
854684
853350
854681
852021
854682
853351
854687
853356
852024
852023
854688
853357
852026
854685
853354
853355
852025
854686
853349
852017
852016
853347
852019
854678
853348
854679
852018
856590
855263
856594
856593
855262
855261
855260
856591
856598
855267
855266
856597
855265
856596
855264
856595
855269
856599
855268
855270
855274
855273
855272
855271
855278
855277
855276
855275
855279
855281
855280
855285
855284
855283
855282
855289
855288
855287
855292
855291
855295
855294
855293
855299
855298
855297
852190
852192
852191
852194
852193
856554
852196
855223
856553
855222
855221
856552
852198
856551
852197
855220
855227
856558
856557
855226
852199
855225
855224
856555
1466497
855219
855218
855217
1466494
856548
1466493
1466492
856561
855230
856560
856565
856564
855232
856563
855231
856562
856569
855238
855237
856568
855236
856567
856566
855235
855229
856559
855228
856572
855241
856571
855240
856570
855245
856576
856575
855244
856574
855243
855242
856573
855249
856579
855248
1466478
855247
856577
1466476
855246
855239
1466470
855252
856583
855251
856582
855250
856581
856580
855256
856587
855255
856586
855254
856584
855253
855259
856589
855258
856588
855257
1466487
1466485
1466480
851740
851731
1466453
850400
851730
1466452
851733
850401
1466451
850402
850403
851734
851737
850405
851736
850406
851739
850407
851738
850409
1466468
1466467
851751
1466466
850420
851750
1466465
851742
850410
850411
851741
1466463
851744
1466462
850412
850413
851743
1466461
851746
850414
1466460
851745
850415
851748
851747
850417
850418
850419
1466438
851760
851762
850430
851761
850431
1466432
1466431
851753
850421
850422
851752
851755
850423
850424
851754
850425
851757
851756
850427
851759
851758
850429
851771
850440
1466445
851770
850441
850442
851772
850432
851764
850433
851763
1466441
850434
851766
1466440
850435
851765
851768
850436
850437
851767
850438
850439
1466417
1466413
1466427
1466424
1466422
1466421
851700
851702
851701
851704
851703
851706
851705
851708
851707
851709
851710
851713
851712
851714
851717
851716
851719
851718
1466409
1466405
1466401
851720
851722
851721
851724
851723
851726
851725
851727
851729
850370
850372
850373
853400
854731
854732
853401
850375
850376
850366
851698
854724
850367
851697
854725
850368
854722
851699
850369
854728
854729
854726
850381
850382
850383
850384
854742
853411
850385
854743
853412
854740
854741
853410
850387
854735
853404
850377
854736
853405
850378
854733
854734
853403
854739
853408
853409
853406
854737
854738
853407
850391
854750
850392
850394
850395
853422
854753
850396
853423
850397
853421
850398
850388
854746
853416
850389
854747
854744
853413
854745
853414
853419
854748
853417
854749
853418
854760
854761
852101
853433
854764
853434
852100
854765
854762
854763
852102
853432
850399
853426
853427
854758
854755
854756
853425
854759
853428
853429
852990
852992
851661
850330
852991
851660
850331
851663
852994
851662
852993
850332
852985
851654
850322
852984
851653
850323
852987
851656
850324
850325
852986
851655
850326
852989
851658
852988
850327
851657
850328
850329
851659
851670
851672
850340
851671
850341
850342
851674
850343
850333
851665
852996
852995
850334
851664
852998
851667
852997
851666
850338
850339
851681
851680
850351
851683
854710
851682
850352
850353
851685
850354
851676
850344
854702
850345
854703
851675
851678
854700
850346
851677
850347
854701
850348
854706
850349
854705
854708
854709
851690
851692
850360
850361
851691
851694
854721
851693
850363
851696
850364
851695
854713
851687
854714
851686
850356
854711
851688
850358
854717
850359
854718
854715
854716
854719
853481
852150
856510
853484
852152
853485
853482
852154
853483
852153
853488
856514
856513
853489
852155
852158
856512
853486
856511
853487
856507
856506
853479
856505
856504
856508
853491
853492
852161
853490
852160
856521
853495
856520
853494
853499
852167
856524
856523
852169
853497
852168
856522
853498
856518
856517
852159
856516
856515
856519
852170
852172
852171
855201
852174
856532
855200
852173
856530
852176
852175
856536
855205
852177
856535
855204
855203
856534
855202
856533
852179
856529
856528
852181
852180
852185
856543
855212
852184
852187
855210
856541
852186
856540
855216
852189
856547
855215
852188
856546
855214
856545
856544
855213
855208
856539
856538
855207
856537
855206
854771
853441
854772
852110
854770
852112
854775
853445
854776
852111
854773
853442
852114
852113
854774
854768
852105
853438
854769
852104
852107
854766
853436
852106
854767
852109
852108
853439
853451
853452
854783
854780
852121
854781
853450
853455
854786
852123
852122
853456
853453
852125
854785
852124
853454
852116
852115
854777
853447
854778
852117
852119
854790
854793
852130
853462
854794
853463
854791
853460
853461
854792
852131
853466
854797
852134
853467
852133
854798
853464
854795
852136
853465
854796
852135
852127
853459
852126
853457
852129
854788
853458
852128
854789
853470
853473
852141
853471
852143
852142
853472
853477
852145
856503
856502
853478
852144
853475
852147
856501
852146
856500
852138
853468
854799
853469
852139
855380
854052
854053
855383
854050
855382
854051
855381
854056
855388
855387
854057
855386
854055
855385
854058
854059
855389
855390
854060
854063
855395
855394
854064
854061
855393
854062
855392
854067
855399
854068
855398
854065
854066
854070
854071
854075
854072
854073
854078
854079
854076
854077
854081
854082
854080
854085
854086
854083
854084
854089
854087
854088
851800
851803
851802
851805
851804
851807
851809
851808
856671
856670
856675
855344
854012
855343
856674
854013
855342
854010
856673
855341
856672
854011
854016
855348
854017
856677
855346
854014
855345
854009
855339
854007
856669
855338
854008
856682
855350
854020
856681
856680
856686
855355
854023
854021
855353
856683
854022
855352
855359
854027
854028
855358
856689
855357
856688
854025
856687
854026
855356
854018
854019
855349
855362
856693
854030
855361
856692
856691
855360
856690
854034
856697
855366
856696
854032
856695
855364
855363
854033
856694
854038
855369
854039
855368
854036
856699
856698
854037
854029
855373
855372
854042
854040
855377
854045
854046
855375
854043
854049
854047
854048
850530
851860
850520
851852
850521
851851
850522
850523
851853
851856
850524
851858
851857
850527
850528
850529
851859
851870
850540
850541
850532
851862
851865
850534
850536
851866
2777172
851869
850537
850538
851868
850539
851881
850550
851880
850551
851882
850552
851874
854900
850543
854901
851873
850544
851876
850545
851875
854904
851878
851877
850547
854905
854902
850548
850549
851879
854903
854908
854909
854906
854907
851890
851892
850561
851891
850562
851894
851893
850563
851885
850553
854911
850554
854912
851884
851887
850555
854910
851886
850556
851889
854915
854916
850558
851888
850559
854913
854914
854919
854918
854092
854093
854090
854091
854096
854097
854094
854095
854098
854099
1466532
1466530
851810
851812
851811
851814
851813
851815
851818
851817
851819
851821
851820
851823
851822
851825
851824
851827
851829
1466518
1466517
1466516
1466514
1466513
1466511
1466510
851830
850500
851832
850501
851831
851834
850502
851833
850503
850504
851836
850505
851835
851838
850506
850507
850508
851839
850509
1466528
1466526
1466524
1466523
1466522
851850
1466521
1466520
851841
850510
851840
850511
851843
851842
851845
850513
851844
850514
850515
851847
851846
850516
850517
850518
851848
850519
850490
850491
850492
853521
854852
850494
853522
850495
854853
850496
854850
854851
850497
853520
853514
854845
850487
854846
850488
853512
854843
850489
854844
853513
854849
853518
853519
853516
854847
854848
853517
854860
1466503
852200
854863
853532
854864
852202
853530
854861
853531
854862
854856
853525
850498
850499
853526
854857
853523
854854
854855
853524
853529
853527
853528
854859
854871
853540
852211
853543
854874
854875
853544
854872
853541
852212
854867
853536
852203
854868
853537
852206
853534
854865
853535
854866
852205
852207
854869
853538
853539
852209
854881
853550
853551
854882
852220
853554
852222
854886
853555
852221
852224
854883
853552
853553
852223
852215
854878
853547
852214
854879
853548
853545
854876
852216
853546
854877
852219
852218
850450
851782
851781
850451
851784
850452
850453
850443
851775
854801
851774
850444
854802
850445
851777
851776
854800
850447
854805
851779
854806
851778
850449
854804
854809
854807
854808
851790
851793
850461
854820
850462
851792
851795
850463
850464
851794
850454
854812
851786
850455
854813
851785
854810
851788
850456
851787
850457
854811
854816
850458
854817
850459
851789
854814
854815
854818
854819
850470
850471
854831
853500
851797
850465
854824
850466
851799
854821
851798
854822
850468
854827
850469
854828
854825
854826
854829
850480
850482
854841
853510
854842
850484
850485
854840
850486
853503
854834
850476
853504
854835
850477
854832
850478
853502
854833
850479
853507
853508
854839
854836
853506
853509
852271
852270
852273
855300
856630
852275
852274
852277
855304
852276
855303
856634
855302
852279
856633
855301
852278
856632
856628
852269
856626
856625
856629
852280
852282
852284
856642
855311
855310
852283
852286
852285
856646
855315
852288
852287
855314
856645
856644
855313
855312
852289
855308
856639
856638
855306
856637
855305
856636
855309
852291
852290
852293
852292
852295
855322
856653
852294
856652
855321
855320
852296
856650
856657
852299
856656
852298
855325
856655
855324
856654
855323
855319
855318
856649
856648
855317
855316
856647
856660
855333
856664
854001
855332
856663
854002
855331
856662
855330
854000
855337
856668
854005
856667
855336
854006
855335
854003
856665
855329
856659
855328
856658
853561
854892
854893
853562
852231
852230
854891
853560
853565
852233
854896
854897
853566
852235
853563
854894
854895
852234
854889
852226
853558
853559
852225
852228
853556
854887
853557
854888
852229
852240
853572
853573
852242
853570
852241
853571
853576
856602
852244
856601
852243
852246
856600
853574
852245
853575
853569
852237
852236
852239
854898
853567
852238
853568
854899
853580
852251
853583
852250
853584
853581
852253
853582
852252
852255
853587
856613
852254
856612
853588
853585
852257
856611
853586
856610
852256
852248
856606
852247
856605
856604
853578
856603
852249
853579
856609
856608
856607
853590
852260
852262
856620
853594
852261
853595
853592
852264
853593
852263
853598
856624
852266
852265
853599
856623
853596
853597
856621
852259
856617
852258
856616
853589
856615
856614
856618
